0,Martha Fu,1,1,[17249],3
1,Martha Fu,6,3,[11820 16969 7758],1
2,Martha Fu,2,1,[4158],3
3,Martha Fu,0,0,[],4
4,Martha Fu,12,4,[44199 16851 39441 11820],0
5,Martha Fu,7,3,[17166 14241 15420],1
6,Martha Fu,7,3,[13369 17841 18558],1
7,Martha Fu,7,4,[23429 17166 43820 15945],0
8,Martha Fu,10,4,[16851 40220 11820 12345],0
9,Martha Fu,2,1,[7758],3
10,Martha Fu,0,0,[],2
11,Martha Fu,0,0,[],4
12,Martha Fu,6,3,[2569 5145 4620],1
13,Martha Fu,7,4,[1829 15420 43758 5145],0
14,Martha Fu,4,3,[17249 18399 22620],1
15,Martha Fu,6,3,[20569 14789 11358],1
16,Martha Fu,9,4,[11358 18216 13566 10641],0
17,Martha Fu,7,3,[3441 4220 4620],1
18,Martha Fu,0,0,[],2
19,Martha Fu,4,1,[4152],3
20,Martha Fu,0,0,[],4
21,Martha Fu,9,4,[3999 4152 4620 7758],0
22,Martha Fu,6,3,[14789 36620 40158],1
23,Martha Fu,9,4,[43041 12345 14789 40158],0
24,Martha Fu,10,4,[32952 33945 25820 36558],0
25,Martha Fu,6,3,[15420 9966 25758],1
26,Martha Fu,0,0,[],2
27,Martha Fu,2,1,[8220],3
28,Martha Fu,7,3,[30345 32958 25041],1
29,Martha Fu,6,3,[18620 23145 25758],1
30,Martha Fu,6,3,[23145 20569 15420],1
31,Martha Fu,8,4,[21989 25820 37020 18558],0
32,Martha Fu,1,1,[13649],3
33,Martha Fu,0,0,[],2
34,Martha Fu,9,3,[18552 21620 18558],1
35,Martha Fu,0,0,[],2
36,Martha Fu,0,0,[],2
37,Martha Fu,5,3,[34229 47358 41145],1
38,Martha Fu,6,3,[29358 19020 15020],1
39,Martha Fu,0,0,[],2
40,Martha Fu,0,0,[],2
41,Martha Fu,10,4,[17166 43752 8745 47358],0
42,Martha Fu,9,4,[43820 39441 5145 43758],0
43,Martha Fu,6,3,[43758 36620 41145],1
44,Jimmy Yuan,0,0,[],2
45,Jimmy Yuan,4,4,[6383 6551 5915 7069],0
46,Jimmy Yuan,0,0,[],2
47,Jimmy Yuan,6,4,[22214 7569 5915 2783],0
48,Jimmy Yuan,5,4,[24913 32598 26804 28669],0
49,Jimmy Yuan,5,3,[18198 21629 14269],1
50,Jimmy Yuan,1,3,[6913 1133 2783],1
51,Jimmy Yuan,2,3,[929 1604 6913],1
52,Jimmy Yuan,1,3,[929 1133 25069],1
53,Jimmy Yuan,2,3,[13183 10669 1604],1
54,Jimmy Yuan,1,1,[10513],3
55,Jimmy Yuan,5,4,[36198 7069 39313 34004],0
56,Jimmy Yuan,5,3,[18369 21798 14113],1
57,Jimmy Yuan,2,3,[6383 5204 28669],1
58,Jimmy Yuan,5,3,[19931 34715 39798],1
59,Jimmy Yuan,4,4,[24383 39629 20383 36198],0
60,Jimmy Yuan,2,3,[4733 16906 28669],1
61,Jimmy Yuan,0,0,[],4
62,Jimmy Yuan,3,4,[929 2783 7398 3469],0
63,Jimmy Yuan,3,3,[732 1604 39798],1
64,Jimmy Yuan,5,4,[732 36369 38951 39798],0
65,Jimmy Yuan,5,4,[15533 43056 36198 32269],0
66,Jimmy Yuan,6,4,[10513 5915 7069 10998],0
67,Jimmy Yuan,0,0,[],2
68,Jimmy Yuan,4,4,[4332 21798 14113 17869],0
69,Jimmy Yuan,5,4,[25056 21629 5983 14269],0
70,Jimmy Yuan,6,4,[14269 21629 18198 12404],0
71,Jimmy Yuan,2,4,[2383 6913 929 10669],0
72,Jimmy Yuan,1,3,[6383 5204 2383],1
73,Jimmy Yuan,3,4,[8983 1133 1604 21469],0
74,Jimmy Yuan,0,0,[],2
75,Jimmy Yuan,1,0,[],4
76,Jimmy Yuan,5,4,[21313 7932 23915 28998],0
77,Jimmy Yuan,3,3,[9983 21629 14269],1
78,Jimmy Yuan,4,4,[2783 10669 14598 6913],0
79,Jimmy Yuan,3,3,[5983 1604 10998],1
80,Jimmy Yuan,0,0,[],2
81,Jimmy Yuan,0,0,[],4
82,Jimmy Yuan,6,4,[9515 15014 43398 13583],0
83,Jimmy Yuan,1,3,[13183 6551 8333],1
84,Chen Yi Ling,7,3,[29474 15912 21800],1
85,Chen Yi Ling,4,3,[18671 5303 8712],1
86,Chen Yi Ling,5,3,[29000 31861 8712],1
87,Chen Yi Ling,0,0,[],2
88,Chen Yi Ling,11,4,[3061 12182 7871 5112],0
89,Chen Yi Ling,4,3,[11912 7871 1512],1
90,Chen Yi Ling,0,1,[8903],3
91,Chen Yi Ling,0,0,[],2
92,Chen Yi Ling,14,4,[39254 21399 22271 23450],0
93,Chen Yi Ling,10,4,[22982 5112 13861 16250],0
94,Chen Yi Ling,5,3,[20243 1703 13861],1
95,Chen Yi Ling,0,0,[],2
96,Chen Yi Ling,0,0,[],2
97,Chen Yi Ling,5,4,[1703 5450 5112 3061],0
98,Chen Yi Ling,12,4,[12650 40271 20243 6661],0
99,Chen Yi Ling,8,4,[36200 45443 26903 35461],0
100,Chen Yi Ling,6,4,[37850 35799 26903 30312],0
101,Chen Yi Ling,8,4,[41843 59450 30312 60661],0
102,Chen Yi Ling,7,3,[16103 49861 19512],1
103,Chen Yi Ling,11,3,[15912 43871 46261],1
104,Chen Yi Ling,11,4,[5112 12182 10261 11471],0
105,Chen Yi Ling,6,4,[4712 25871 5112 28261],0
106,Chen Yi Ling,12,3,[19382 18671 19850],1
107,Chen Yi Ling,6,3,[18200 19850 5303],1
108,Chen Yi Ling,7,4,[33912 30503 40271 37850],0
109,Chen Yi Ling,7,4,[33782 23303 31861 26712],0
110,Chen Yi Ling,10,4,[32054 29474 28261 19512],0
111,Chen Yi Ling,0,0,[],2
112,Chen Yi Ling,0,0,[],4
113,Chen Yi Ling,0,0,[],2
114,Chen Yi Ling,7,4,[5303 48182 10261 1512],0
115,Chen Yi Ling,6,4,[36671 26903 35461 30312],0
116,Chen Yi Ling,7,3,[44582 26712 35461],1
117,Chen Yi Ling,8,4,[21800 12503 27443 21061],0
118,Chen Yi Ling,3,3,[1703 6999 8712],1
119,Chen Yi Ling,11,4,[40274 40982 3061 33912],0
120,Chen Yi Ling,3,3,[22947 23112 31861],1
121,Chen Yi Ling,12,4,[14054 10599 19382 1512],0
122,Chen Yi Ling,0,0,[],2
123,Chen Yi Ling,8,4,[20243 8903 21281 1512],0
124,Chen Yi Ling,8,4,[38243 55850 57061 26712],0
125,Harry Chen,0,0,[],2
126,Harry Chen,0,1,[6405],3
127,Harry Chen,0,0,[],4
128,Harry Chen,0,0,[],4
129,Harry Chen,7,3,[35855 29107 19495],1
130,Harry Chen,0,0,[],2
131,Harry Chen,8,3,[40030 16606 29507],1
132,Harry Chen,6,3,[22307 25507 12295],1
133,Harry Chen,0,0,[],2
134,Harry Chen,0,0,[],2
135,Harry Chen,0,0,[],2
136,Harry Chen,0,0,[],4
137,Harry Chen,0,0,[],4
138,Harry Chen,3,1,[35057],3
139,Harry Chen,11,3,[30693 25507 29507],1
140,Harry Chen,0,0,[],2
141,Harry Chen,3,1,[29107],3
142,Harry Chen,6,3,[23856 25907 12295],1
143,Harry Chen,0,0,[],2
144,Harry Chen,0,0,[],4
145,Harry Chen,0,0,[],4
146,Harry Chen,1,1,[6933],3
147,Harry Chen,0,0,[],4
148,Harry Chen,13,4,[19553 43507 5095 44922],0
149,Harry Chen,10,3,[36875 33107 29107],1
150,Harry Chen,7,3,[17733 25907 29107],1
151,Harry Chen,0,0,[],2
152,Harry Chen,7,3,[7630 2805 6257],1
153,Harry Chen,7,3,[33637 27857 17205],1
154,Harry Chen,3,1,[18307],3
155,Harry Chen,3,0,[],4
156,Harry Chen,0,0,[],4
157,Harry Chen,10,4,[44922 14133 5095 15793],0
158,Harry Chen,0,1,[13605],3
159,Harry Chen,0,0,[],2
160,Harry Chen,0,0,[],2
161,Harry Chen,0,1,[1495],3
162,Harry Chen,11,4,[47507 15300 43507 51793],0
163,Harry Chen,4,1,[48037],3
164,Harry Chen,0,0,[],2
165,Harry Chen,6,3,[15895 29507 25507],1
166,Harry Chen,12,3,[14255 12693 7507],1
167,Harry Chen,0,1,[8695],3
168,Harry Chen,0,0,[],4
169,Harry Chen,0,0,[],4
170,Harry Chen,14,4,[55237 23856 50707 22993],0
171,Harry Chen,16,4,[51637 58475 56657 59322],0
172,Harry Chen,12,4,[43507 5095 44922 15793],0
173,Harry Chen,4,1,[44437],3
174,Peng Wei Wang,16,4,[46947 70085 70414 47799],0
175,Peng Wei Wang,16,4,[44367 66814 44199 66485],0
176,Peng Wei Wang,11,3,[32999 35349 59614],1
177,Peng Wei Wang,14,3,[20951 32999 56014],1
178,Peng Wei Wang,4,1,[10947],3
179,Peng Wei Wang,8,4,[47399 4713 37824 52085],0
180,Peng Wei Wang,8,4,[62885 31751 29913 40599],0
181,Peng Wei Wang,10,3,[32999 36999 59285],1
182,Peng Wei Wang,12,3,[21747 22199 45214],1
183,Peng Wei Wang,17,3,[37685 38014 14999],1
184,Peng Wei Wang,0,0,[],4
185,Peng Wei Wang,13,3,[5424 12485 8199],1
186,Peng Wei Wang,9,3,[40599 8540 29913],1
187,Peng Wei Wang,14,3,[34245 30329 30814],1
188,Peng Wei Wang,13,4,[14547 19167 1824 37685],0
189,Peng Wei Wang,3,1,[29799],3
190,Peng Wei Wang,0,0,[],4
191,Peng Wei Wang,0,0,[],4
192,Peng Wei Wang,12,4,[1113 18999 19685 48814],0
193,Peng Wei Wang,13,4,[35603 38949 66485 66814],0
194,Peng Wei Wang,17,4,[39747 34085 37167 38014],0
195,Peng Wei Wang,11,4,[17351 37672 15513 30814],0
196,Peng Wei Wang,0,0,[],4
197,Peng Wei Wang,4,1,[33929],3
198,Peng Wei Wang,0,1,[4713],3
199,Peng Wei Wang,10,4,[28151 41129 26313 63214],0
200,Peng Wei Wang,15,4,[30814 28149 22599 26885],0
201,Peng Wei Wang,0,0,[],2
202,Peng Wei Wang,13,3,[12485 19167 1113],1
203,Peng Wei Wang,17,2,[11522 12485],2
204,Peng Wei Wang,16,4,[33399 33929 55685 56014],0
205,Yang Junwei,12,4,[43287 41014 34574 42067],0
206,Yang Junwei,0,0,[],2
207,Yang Junwei,18,4,[44614 48393 45793 24067],0
208,Yang Junwei,9,4,[8741 12974 20467 20593],0
209,Yang Junwei,8,3,[27793 1390 5456],1
210,Yang Junwei,5,3,[9667 9056 5774],1
211,Yang Junwei,11,2,[40990 67393],2
212,Yang Junwei,13,2,[1390 9374],2
213,Yang Junwei,0,0,[],2
214,Yang Junwei,0,0,[],4
215,Yang Junwei,0,0,[],4
216,Yang Junwei,12,4,[20046 12974 19414 23456],0
217,Yang Junwei,11,4,[15507 38593 13267 16574],0
218,Yang Junwei,8,3,[33343 13267 5774],1
219,Yang Junwei,12,1,[5774],3
220,Yang Junwei,8,2,[12974 9667],2
221,Yang Junwei,10,4,[9056 1390 30214 6067],0
222,Yang Junwei,8,2,[15790 5774],2
223,Yang Junwei,18,4,[15139 41725 13393 6067],0
224,Yang Junwei,10,4,[26590 33814 34256 31267],0
225,Yang Junwei,0,0,[],2
226,Yang Junwei,0,0,[],4
227,Yang Junwei,0,0,[],4
228,Yang Junwei,0,0,[],4
229,Yang Junwei,14,4,[42193 30974 41014 42067],0
230,Yang Junwei,12,4,[23456 20125 20467 12974],0
231,Yang Junwei,5,3,[27667 26590 22707],1
232,Yang Junwei,10,3,[16256 16867 12974],1
233,Yang Junwei,0,0,[],2
234,Yang Junwei,0,0,[],2
235,Yang Junwei,20,4,[45325 44793 45793 38174],0
236,Yang Junwei,14,4,[42193 41014 42067 34574],0
237,Yang Junwei,5,3,[23456 20467 12974],1
238,Yang Junwei,0,0,[],2
239,Yang Junwei,0,0,[],2
240,Yang Junwei,14,4,[18542 5774 44614 2467],0
241,Yang Junwei,16,3,[19971 52525 48190],1
242,Yang Junwei,10,4,[20467 12974 24193 23456],0
243,Zhong Jiajun,3,1,[56606],3
244,Zhong Jiajun,3,0,[],4
245,Zhong Jiajun,3,0,[],4
246,Zhong Jiajun,1,1,[20891],3
247,Zhong Jiajun,3,1,[31807],3
248,Zhong Jiajun,0,0,[],4
249,Zhong Jiajun,4,1,[22825],3
250,Zhong Jiajun,0,0,[],4
251,Zhong Jiajun,17,4,[16303 51625 40257 41672],0
252,Zhong Jiajun,0,0,[],2
253,Zhong Jiajun,3,1,[44257],3
254,Zhong Jiajun,5,3,[57007 46091 53161],1
255,Zhong Jiajun,0,0,[],4
256,Zhong Jiajun,0,0,[],2
257,Zhong Jiajun,3,1,[36657],3
258,Zhong Jiajun,1,1,[10091],3
259,Zhong Jiajun,3,0,[],4
260,Zhong Jiajun,3,1,[31807],3
261,Zhong Jiajun,0,0,[],2
262,Zhong Jiajun,0,0,[],4
263,Zhong Jiajun,1,1,[9961],3
264,Zhong Jiajun,0,0,[],4
265,Zhong Jiajun,11,1,[17291],3
266,Zhong Jiajun,0,0,[],2
267,Zhong Jiajun,2,0,[],4
268,Zhong Jiajun,0,0,[],2
269,Zhong Jiajun,3,0,[],4
270,Zhong Jiajun,11,2,[43405 51057],2
271,Zhong Jiajun,0,0,[],2
272,Zhong Jiajun,1,1,[9961],3
273,Zhong Jiajun,0,0,[],2
274,Zhong Jiajun,3,1,[61857],3
275,Zhong Jiajun,0,0,[],2
276,Zhong Jiajun,1,1,[42361],3
277,Zhong Jiajun,16,4,[32605 11857 16143 45272],0
278,Zhong Jiajun,3,0,[],4
279,Zhong Jiajun,0,0,[],4
280,Zhong Jiajun,0,0,[],2
281,Yun Yun Tsai,6,4,[39037 4876 27045 1116],0
282,Yun Yun Tsai,5,4,[32107 41445 29916 33845],0
283,Yun Yun Tsai,5,4,[30245 16051 33676 52286],0
284,Yun Yun Tsai,5,4,[13126 22876 10705 19445],0
285,Yun Yun Tsai,5,4,[10705 5251 13126 19445],0
286,Yun Yun Tsai,5,3,[16286 9526 5045],1
287,Yun Yun Tsai,4,3,[5926 10705 8645],1
288,Yun Yun Tsai,4,3,[11916 3307 5926],1
289,Yun Yun Tsai,3,3,[17707 5045 4716],1
290,Yun Yun Tsai,4,4,[33845 30655 29916 27526],0
291,Yun Yun Tsai,4,4,[30686 5455 8645 4716],0
292,Yun Yun Tsai,4,3,[11903 9045 5045],1
293,Yun Yun Tsai,6,4,[4716 19336 37845 44645],0
294,Yun Yun Tsai,7,3,[45055 34245 37445],1
295,Yun Yun Tsai,6,3,[37445 34245 8316],1
296,Yun Yun Tsai,5,4,[17905 30076 20326 26645],0
297,Yun Yun Tsai,4,3,[13305 3505 5251],1
298,Yun Yun Tsai,3,3,[12245 2326 4716],1
299,Yun Yun Tsai,0,0,[],2
300,Yun Yun Tsai,7,4,[55886 31837 25105 33845],0
301,Yun Yun Tsai,4,4,[24907 12451 26645 22716],0
302,Yun Yun Tsai,6,4,[26476 21307 16726 23045],0
303,Yun Yun Tsai,5,4,[38222 15854 15516 19445],0
304,Yun Yun Tsai,3,3,[16286 8645 1116],1
305,Yun Yun Tsai,2,3,[14305 15516 5045],1
306,Yun Yun Tsai,5,4,[10507 12686 5045 15516],0
307,Yun Yun Tsai,6,4,[12686 10237 10705 11916],0
308,Yun Yun Tsai,5,4,[37845 52286 21505 26316],0
309,Yun Yun Tsai,3,4,[15516 15854 5251 16255],0
310,Yun Yun Tsai,0,0,[],2
311,Yun Yun Tsai,6,3,[39505 34245 8316],1
312,Yun Yun Tsai,4,4,[30245 32305 34726 1116],0
313,Yun Yun Tsai,5,3,[35707 37845 33845],1
314,Yun Yun Tsai,5,4,[9526 23445 15845 11916],0
315,Yun Yun Tsai,2,3,[15845 7105 11916],1
316,Yun Yun Tsai,7,4,[5926 27086 12645 5045],0
317,Yun Yun Tsai,3,3,[27086 5045 1116],1
318,Yun Yun Tsai,4,3,[17437 15845 4716],1
319,Yun Yun Tsai,3,3,[6105 5045 15516],1
320,Yun Yun Tsai,2,3,[8303 1445 11916],1
321,Yun Yun Tsai,0,0,[],2
322,Yun Yun Tsai,4,3,[35905 37886 33845],1
323,Yun Yun Tsai,5,4,[27526 41445 29916 33845],0
324,Yun Yun Tsai,5,4,[34245 48686 26645 26316],0
325,Yun Yun Tsai,4,4,[45261 19116 19454 23045],0
326,Yun Yun Tsai,5,4,[16726 30645 19116 23045],0
327,Yun Yun Tsai,2,3,[1116 5045 8851],1
328,Yun Yun Tsai,4,3,[6907 5045 14305],1
329,Yun Yun Tsai,3,3,[8316 38326 33845],1
330,Jason Lin,6,3,[5963 7709 5563],1
331,Jason Lin,0,0,[],2
332,Jason Lin,0,0,[],2
333,Jason Lin,0,0,[],2
334,Jason Lin,0,0,[],4
335,Jason Lin,0,0,[],4
336,Jason Lin,9,4,[45542 36509 47513 41501],0
337,Jason Lin,8,3,[41495 34363 45101],1
338,Jason Lin,7,3,[37901 23563 31849],1
339,Jason Lin,5,3,[25347 20363 27101],1
340,Jason Lin,6,3,[19732 23563 16301],1
341,Jason Lin,0,0,[],2
342,Jason Lin,5,3,[14547 16301 5963],1
343,Jason Lin,0,0,[],4
344,Jason Lin,8,4,[19732 14712 45101 41563],0
345,Jason Lin,6,3,[35572 42649 48701],1
346,Jason Lin,10,4,[40784 34363 48701 42649],0
347,Jason Lin,7,3,[27163 31849 34301],1
348,Jason Lin,9,4,[21747 21049 19184 16763],0
349,Jason Lin,8,4,[3172 23501 12763 21049],0
350,Jason Lin,9,3,[19895 19184 23501],1
351,Jason Lin,8,2,[7913 12701],2
352,Jason Lin,12,4,[4963 9101 21794 6649],0
353,Jason Lin,10,4,[37901 25709 29984 35449],0
354,Jason Lin,0,0,[],2
355,Jason Lin,2,1,[18713],3
356,Jason Lin,2,1,[4313],3
357,Jason Lin,0,0,[],4
358,Jason Lin,12,4,[58679 37912 40784 45101],0
359,Jason Lin,6,3,[27163 36713 19901],1
360,Jason Lin,0,0,[],2
361,Jason Lin,2,1,[12701],3
362,Jason Lin,0,0,[],4
363,Jason Lin,10,4,[17449 49142 45163 48701],0
364,Jason Lin,11,4,[40784 41495 45101 13163],0
365,Jason Lin,0,0,[],2
366,Jason Lin,8,3,[27095 19963 30701],1
367,Jason Lin,8,3,[27095 34132 19963],1
368,Jason Lin,8,3,[22313 24649 19184],1
369,Jason Lin,0,0,[],2
370,Jason Lin,0,0,[],2
371,Jason Lin,0,0,[],2
372,Jason Lin,9,3,[5963 5563 6649],1
373,Jason Lin,0,0,[],4
374,Jason Lin,0,0,[],4
375,Jason Lin,10,3,[41501 14909 13163],1
376,Jason Lin,7,3,[37184 34363 45101],1
377,Alex Chiang,7,4,[13455 35624 38857 38824],0
378,Alex Chiang,6,3,[43040 31624 40454],1
379,Alex Chiang,7,3,[37086 32065 62054],1
380,Alex Chiang,0,0,[],2
381,Alex Chiang,9,3,[35665 30007 26878],1
382,Alex Chiang,9,4,[42457 35624 38824 47654],0
383,Alex Chiang,6,3,[49657 39224 31624],1
384,Alex Chiang,5,3,[36641 39666 24424],1
385,Alex Chiang,10,3,[33403 37678 42457],1
386,Alex Chiang,8,3,[10024 26878 31657],1
387,Alex Chiang,6,3,[24457 10424 2824],1
388,Alex Chiang,9,3,[13189 6424 13657],1
389,Alex Chiang,7,3,[14065 8878 2824],1
390,Alex Chiang,9,4,[32065 31657 36854 28024],0
391,Alex Chiang,0,0,[],2
392,Alex Chiang,0,0,[],2
393,Alex Chiang,8,3,[34078 38857 20824],1
394,Alex Chiang,10,2,[12007 12478],2
395,Alex Chiang,13,2,[16078 13657],2
396,Alex Chiang,0,0,[],2
397,Alex Chiang,0,0,[],2
398,Alex Chiang,11,4,[20857 48478 11654 6424],0
399,Alex Chiang,7,3,[33403 44054 35224],1
400,Alex Chiang,0,0,[],2
401,Alex Chiang,0,0,[],2
402,Alex Chiang,8,3,[49189 39224 42424],1
403,Alex Chiang,10,4,[44407 38857 69254 38824],0
404,Alex Chiang,0,0,[],2
405,Alex Chiang,7,3,[41989 27855 24424],1
406,Alex Chiang,13,4,[20824 38389 42457 37678],0
407,Alex Chiang,0,0,[],2
408,Alex Chiang,6,3,[35665 26203 13624],1
409,Alex Chiang,4,3,[13635 9855 6424],1
410,Alex Chiang,7,3,[28465 28057 14024],1
411,Alex Chiang,0,0,[],2
412,Alex Chiang,7,4,[9855 44054 32024 35224],0
413,Alex Chiang,12,4,[39265 37678 35257 65654],0
414,Alex Chiang,10,4,[41457 33486 30007 31624],0
415,Alex Chiang,6,3,[31657 17624 10024],1
416,Alex Chiang,5,3,[14024 28465 6424],1
417,Alex Chiang,15,2,[23278 20857],2
418,Alex Chiang,9,4,[39224 47606 42457 42424],0
419,Alex Chiang,8,3,[38389 50065 31624],1
420,Zhang Qi,0,0,[],2
421,Zhang Qi,12,3,[45815 44660 40666],1
422,Zhang Qi,0,0,[],2
423,Zhang Qi,0,0,[],4
424,Zhang Qi,0,0,[],4
425,Zhang Qi,14,3,[55234 51860 66396],1
426,Zhang Qi,4,1,[44266],3
427,Zhang Qi,15,3,[45452 41196 44660],1
428,Zhang Qi,0,0,[],2
429,Zhang Qi,0,0,[],2
430,Zhang Qi,0,0,[],2
431,Zhang Qi,0,0,[],2
432,Zhang Qi,0,0,[],4
433,Zhang Qi,0,0,[],4
434,Zhang Qi,4,1,[66260],3
435,Zhang Qi,11,3,[62660 51066 54749],1
436,Zhang Qi,0,0,[],2
437,Zhang Qi,3,1,[15149],3
438,Zhang Qi,3,1,[33149],3
439,Zhang Qi,0,0,[],4
440,Zhang Qi,0,0,[],4
441,Zhang Qi,0,0,[],4
442,Zhang Qi,0,0,[],2
443,Zhang Qi,4,1,[66260],3
444,Zhang Qi,4,1,[69466],3
445,Zhang Qi,0,0,[],2
446,Zhang Qi,4,1,[42616],3
447,Zhang Qi,0,0,[],2
448,Zhang Qi,15,3,[19596 20252 15066],1
449,Zhang Qi,0,0,[],2
450,Zhang Qi,17,3,[39016 12260 19752],1
451,Zhang Qi,0,0,[],2
452,Zhang Qi,0,0,[],2
453,Zhang Qi,0,0,[],2
454,Zhang Qi,0,0,[],4
455,Zhang Qi,0,0,[],4
456,Zhang Qi,0,0,[],4
457,Zhang Qi,0,0,[],2
458,Zhang Qi,0,0,[],2
459,Zhang Qi,0,0,[],2
460,Zhang Qi,0,0,[],4
461,Zhang Qi,0,0,[],4
462,Zhang Qi,0,0,[],4
463,Zhang Qi,0,0,[],4
464,Zhang Qi,0,0,[],4
465,Zhang Qi,0,0,[],4
466,Zhang Qi,4,1,[66260],3
467,Zhang Qi,0,0,[],4
468,Zhang Liangwei,9,4,[38461 2161 32658 29082],0
469,Zhang Liangwei,0,0,[],2
470,Zhang Liangwei,0,0,[],2
471,Zhang Liangwei,8,4,[35329 22324 12961 25482],0
472,Zhang Liangwei,0,1,[5761],3
473,Zhang Liangwei,0,1,[2161],3
474,Zhang Liangwei,7,4,[14936 39882 51124 2161],0
475,Zhang Liangwei,11,4,[42331 40879 41350 5761],0
476,Zhang Liangwei,8,3,[47524 39882 23761],1
477,Zhang Liangwei,0,0,[],2
478,Zhang Liangwei,0,0,[],2
479,Zhang Liangwei,0,0,[],2
480,Zhang Liangwei,0,1,[16561],3
481,Zhang Liangwei,0,1,[5761],3
482,Zhang Liangwei,14,4,[3882 18760 44950 17329],0
483,Zhang Liangwei,0,0,[],2
484,Zhang Liangwei,6,3,[23350 14682 2161],1
485,Zhang Liangwei,7,4,[4136 4324 2161 7482],0
486,Zhang Liangwei,0,0,[],4
487,Zhang Liangwei,8,4,[40324 46129 5761 43482],0
488,Zhang Liangwei,4,3,[47082 40136 34561],1
489,Zhang Liangwei,9,3,[37750 25924 29082],1
490,Zhang Liangwei,7,4,[5761 25736 15124 7482],0
491,Zhang Liangwei,11,3,[20929 15124 7482],1
492,Zhang Liangwei,7,3,[53905 27361 39882],1
493,Zhang Liangwei,5,3,[22136 40324 16561],1
494,Zhang Liangwei,0,0,[],2
495,Zhang Liangwei,8,4,[42529 51124 39882 2161],0
496,Zhang Liangwei,5,3,[47524 39858 9361],1
497,Zhang Liangwei,13,4,[37711 42331 25924 29082],0
498,Zhang Liangwei,7,4,[29336 29082 35329 2161],0
499,Zhang Liangwei,6,3,[49729 36724 27361],1
500,Zhang Liangwei,13,4,[40879 42061 32682 42529],0
501,Zhang Liangwei,7,4,[14374 7482 18724 2161],0
502,Zhang Liangwei,0,0,[],4
503,Zhang Liangwei,0,0,[],4
504,Zhang Liangwei,0,1,[5761],3
505,Zhang Liangwei,9,4,[33124 44950 36536 9361],0
506,Zhang Liangwei,6,3,[34561 55279 56929],1
507,Zhang Liangwei,8,3,[54724 52861 30961],1
508,Zhang Liangwei,12,3,[48550 49729 23761],1
509,Zhang Liangwei,4,3,[14374 5761 18282],1
510,Zhang Liangwei,7,4,[39882 46129 40136 9361],0
511,Li Jingying,9,4,[19995 17267 25015 21584],0
512,Li Jingying,9,3,[14384 21578 13667],1
513,Li Jingying,6,3,[9596 10846 7184],1
514,Li Jingying,5,3,[13075 17984 14846],1
515,Li Jingying,5,3,[5875 7184 14846],1
516,Li Jingying,0,0,[],2
517,Li Jingying,0,0,[],2
518,Li Jingying,0,0,[],4
519,Li Jingying,0,0,[],2
520,Li Jingying,9,4,[20396 19132 10846 25184],0
521,Li Jingying,0,0,[],2
522,Li Jingying,7,3,[27195 20867 21646],1
523,Li Jingying,6,3,[9195 3646 14384],1
524,Li Jingying,9,3,[17984 14378 13667],1
525,Li Jingying,8,3,[6646 7184 10067],1
526,Li Jingying,6,3,[23595 16796 28784],1
527,Li Jingying,0,0,[],2
528,Li Jingying,5,3,[2275 11246 5595],1
529,Li Jingying,7,3,[6646 4046 7184],1
530,Li Jingying,12,3,[15532 47225 43246],1
531,Li Jingying,7,3,[34592 50384 44332],1
532,Li Jingying,9,3,[25178 20867 7184],1
533,Li Jingying,0,0,[],2
534,Li Jingying,9,4,[30992 50215 40732 46784],0
535,Li Jingying,8,3,[31846 43184 40732],1
536,Li Jingying,7,3,[7246 7015 6467],1
537,Li Jingying,0,0,[],4
538,Li Jingying,0,0,[],2
539,Li Jingying,10,4,[11561 9195 20396 3584],0
540,Li Jingying,0,0,[],2
541,Li Jingying,9,4,[38396 50825 18446 46784],0
542,Li Jingying,10,4,[39578 11246 39646 39584],0
543,Li Jingying,7,3,[40732 32446 46784],1
544,Li Jingying,8,4,[32215 18446 21646 28784],0
545,Li Jingying,7,3,[18446 14446 22732],1
546,Li Jingying,7,3,[14846 18046 22732],1
547,Li Jingying,3,1,[4732],3
548,Li Jingying,8,4,[34592 41996 36446 46784],0
549,Zou Yun Yun,3,3,[27088 27856 5228],1
550,Zou Yun Yun,6,2,[20656 1519],2
551,Zou Yun Yun,6,1,[13456],3
552,Zou Yun Yun,0,0,[],2
553,Zou Yun Yun,0,1,[1628],3
554,Zou Yun Yun,1,4,[40530 12319 45856 37628],0
555,Zou Yun Yun,1,4,[11730 8719 17056 8828],0
556,Zou Yun Yun,4,3,[7037 1628 9088],1
557,Zou Yun Yun,0,0,[],2
558,Zou Yun Yun,5,3,[23186 33820 16028],1
559,Zou Yun Yun,3,4,[8130 12688 5228 13456],0
560,Zou Yun Yun,4,3,[1519 20656 8828],1
561,Zou Yun Yun,0,0,[],2
562,Zou Yun Yun,9,4,[14434 41020 12688 6256],0
563,Zou Yun Yun,9,3,[37420 1628 49456],1
564,Zou Yun Yun,7,4,[34288 33820 35056 26828],0
565,Zou Yun Yun,7,3,[22783 21634 23488],1
566,Zou Yun Yun,4,3,[20656 22309 16028],1
567,Zou Yun Yun,6,4,[930 15109 16288 20656],0
568,Zou Yun Yun,6,3,[8828 10963 8383],1
569,Zou Yun Yun,7,4,[17719 15919 40309 1628],0
570,Zou Yun Yun,7,3,[58783 40309 45856],1
571,Zou Yun Yun,4,4,[5112 29509 22530 27856],0
572,Zou Yun Yun,3,3,[19519 29509 19628],1
573,Zou Yun Yun,5,4,[23488 15919 22309 16028],0
574,Zou Yun Yun,10,4,[18888 21437 30220 20656],0
575,Zou Yun Yun,4,4,[1586 23488 1628 24256],0
576,Zou Yun Yun,1,3,[930 17056 8828],1
577,Zou Yun Yun,7,4,[7037 12220 2656 5228],0
578,Zou Yun Yun,11,4,[22488 23488 37183 22309],0
579,Zou Yun Yun,5,3,[930 29509 30688],1
580,Zou Yun Yun,5,4,[1586 15109 8828 17056],0
581,Zou Yun Yun,6,2,[12688 1628],2
582,Zou Yun Yun,1,3,[11730 1628 13456],1
583,Zou Yun Yun,0,0,[],2
584,Zou Yun Yun,0,1,[1628],3
585,Zou Yun Yun,6,4,[40309 19519 6256 12688],0
586,Zou Yun Yun,8,4,[47509 51820 6256 1628],0
587,Zou Yun Yun,3,3,[1628 50237 6256],1
588,Zou Yun Yun,5,4,[45856 32434 43438 37628],0
589,Zou Yun Yun,6,3,[37888 36709 35056],1
590,Zou Yun Yun,5,4,[5186 27856 22309 4530],0
591,Zou Yun Yun,0,0,[],2
592,Zou Yun Yun,0,0,[],4
593,Zou Yun Yun,5,3,[21634 23488 24256],1
594,Huang Zhenting,7,4,[36511 44958 40556 41158],0
595,Huang Zhenting,7,4,[38269 29311 37758 29029],0
596,Huang Zhenting,7,4,[14629 20269 14911 23358],0
597,Huang Zhenting,0,0,[],2
598,Huang Zhenting,1,1,[3829],3
599,Huang Zhenting,0,0,[],4
600,Huang Zhenting,6,4,[15094 6337 11029 8958],0
601,Huang Zhenting,7,4,[40566 41869 32629 41358],0
602,Huang Zhenting,3,3,[21829 22111 30558],1
603,Huang Zhenting,7,4,[19737 15094 14629 23358],0
604,Huang Zhenting,6,3,[3829 13537 12358],1
605,Huang Zhenting,0,0,[],2
606,Huang Zhenting,6,4,[3546 5358 7886 4687],0
607,Huang Zhenting,10,4,[22168 45469 22111 7429],0
608,Huang Zhenting,4,3,[40556 48558 39829],1
609,Huang Zhenting,6,4,[44166 41158 44958 36229],0
610,Huang Zhenting,5,4,[18511 22294 18229 26958],0
611,Huang Zhenting,6,3,[7894 15958 12558],1
612,Huang Zhenting,8,4,[15366 11029 20269 13537],0
613,Huang Zhenting,6,4,[4566 7429 5158 5358],0
614,Huang Zhenting,4,3,[40121 41358 33356],1
615,Huang Zhenting,6,4,[29756 29494 37758 29029],0
616,Huang Zhenting,7,3,[20269 19758 13537],1
617,Huang Zhenting,5,3,[11756 11029 37087],1
618,Huang Zhenting,6,4,[5358 26287 27937 7429],0
619,Huang Zhenting,4,2,[11029 19087],2
620,Huang Zhenting,0,0,[],2
621,Huang Zhenting,1,1,[11029],3
622,Huang Zhenting,11,4,[13069 4556 18568 5358],0
623,Huang Zhenting,8,4,[47887 43894 44758 39829],0
624,Huang Zhenting,4,3,[37087 37758 29029],1
625,Huang Zhenting,5,3,[16158 22566 19558],1
626,Huang Zhenting,5,3,[14629 26758 12558],1
627,Huang Zhenting,6,3,[5158 6337 14629],1
628,Huang Zhenting,0,0,[],2
629,Huang Zhenting,5,3,[32629 29683 33356],1
630,Huang Zhenting,6,3,[29494 30358 34158],1
631,Huang Zhenting,0,0,[],2
632,Huang Zhenting,0,0,[],4
633,Huang Zhenting,0,0,[],4
634,Huang Zhenting,6,3,[41158 40294 48558],1
635,Howard Hsu,0,0,[],2
636,Howard Hsu,5,3,[39488 29518 37456],1
637,Howard Hsu,2,1,[7918],3
638,Howard Hsu,7,3,[18845 15856 7918],1
639,Howard Hsu,3,1,[40445],3
640,Howard Hsu,0,0,[],2
641,Howard Hsu,4,3,[25625 35888 33856],1
642,Howard Hsu,0,0,[],2
643,Howard Hsu,5,3,[18425 37456 25918],1
644,Howard Hsu,0,0,[],4
645,Howard Hsu,0,0,[],2
646,Howard Hsu,5,3,[10688 22318 33856],1
647,Howard Hsu,0,0,[],2
648,Howard Hsu,3,1,[22445],3
649,Howard Hsu,0,0,[],2
650,Howard Hsu,0,0,[],4
651,Howard Hsu,0,0,[],2
652,Howard Hsu,7,3,[26045 23056 15118],1
653,Howard Hsu,0,0,[],4
654,Howard Hsu,7,3,[22445 19456 11518],1
655,Howard Hsu,0,0,[],2
656,Howard Hsu,0,0,[],4
657,Howard Hsu,0,0,[],2
658,Howard Hsu,6,3,[22445 25088 11518],1
659,Howard Hsu,7,3,[18845 7918 15856],1
660,Howard Hsu,0,0,[],4
661,Howard Hsu,0,0,[],4
662,Howard Hsu,4,3,[25625 35888 25918],1
663,Howard Hsu,5,3,[18425 25918 37456],1
664,Howard Hsu,5,3,[10688 22318 33856],1
665,Howard Hsu,0,0,[],4
666,Howard Hsu,0,0,[],4
667,Howard Hsu,0,0,[],2
668,Liven Pan,10,3,[27094 35694 26993],1
669,Liven Pan,5,3,[7838 21402 12593],1
670,Liven Pan,5,3,[12694 638 4422],1
671,Liven Pan,11,3,[27340 4238 28494],1
672,Liven Pan,0,1,[638],3
673,Liven Pan,5,3,[5805 46494 37793],1
674,Liven Pan,6,3,[39294 39886 29438],1
675,Liven Pan,0,0,[],2
676,Liven Pan,1,1,[1793],3
677,Liven Pan,8,3,[19568 16193 24894],1
678,Liven Pan,7,2,[10494 1793],2
679,Liven Pan,12,2,[638 59272],2
680,Liven Pan,4,4,[1568 5393 638 3294],0
681,Liven Pan,6,4,[638 54089 1894 1568],0
682,Liven Pan,12,4,[55672 4238 41393 47761],0
683,Liven Pan,3,3,[9094 37568 34193],1
684,Liven Pan,11,3,[15222 14094 5393],1
685,Liven Pan,8,4,[8768 5393 34540 14094],0
686,Liven Pan,3,3,[638 8993 3294],1
687,Liven Pan,6,3,[9094 638 26161],1
688,Liven Pan,0,0,[],2
689,Liven Pan,8,4,[58561 25838 30593 35694],0
690,Liven Pan,7,3,[35694 27094 59740],1
691,Liven Pan,7,3,[6894 22422 1793],1
692,Liven Pan,0,0,[],4
693,Liven Pan,0,0,[],4
694,Liven Pan,0,0,[],2
695,Liven Pan,12,2,[30593 39294],2
696,Liven Pan,11,3,[44022 30593 59272],1
697,Liven Pan,8,3,[32094 18638 23393],1
698,Liven Pan,9,1,[1793],3
699,Liven Pan,3,3,[17694 638 12593],1
700,Liven Pan,3,4,[5494 5168 638 8993],0
701,Liven Pan,9,3,[43690 38140 12694],1
702,Liven Pan,7,3,[40561 33038 46494],1
703,Liven Pan,0,0,[],2
704,Liven Pan,3,3,[9405 638 1793],1
705,Liven Pan,8,3,[8993 18961 21294],1
706,Liven Pan,0,0,[],2
707,Liven Pan,0,0,[],4
708,Liven Pan,5,3,[56140 22238 23393],1
709,Zhong Xuan can,6,4,[6823 37949 39035 46395],0
710,Zhong Xuan can,5,4,[27549 39195 22874 30749],0
711,Zhong Xuan can,8,4,[29499 39022 35595 27149],0
712,Zhong Xuan can,7,4,[24117 12074 24964 24635],0
713,Zhong Xuan can,0,0,[],2
714,Zhong Xuan can,0,0,[],2
715,Zhong Xuan can,0,0,[],2
716,Zhong Xuan can,5,4,[53279 7899 1985 16749],0
717,Zhong Xuan can,5,4,[45717 7484 33674 42635],0
718,Zhong Xuan can,8,4,[31835 28079 27149 32164],0
719,Zhong Xuan can,5,4,[25498 13912 24635 16349],0
720,Zhong Xuan can,3,3,[12785 10423 24635],1
721,Zhong Xuan can,7,4,[17279 24964 8474 21035],0
722,Zhong Xuan can,0,0,[],4
723,Zhong Xuan can,0,0,[],2
724,Zhong Xuan can,11,4,[50335 17595 17435 42964],0
725,Zhong Xuan can,6,4,[33674 50164 41549 46235],0
726,Zhong Xuan can,7,4,[46235 43899 46564 38349],0
727,Zhong Xuan can,8,4,[21035 24479 22299 24964],0
728,Zhong Xuan can,0,0,[],2
729,Zhong Xuan can,0,0,[],2
730,Zhong Xuan can,0,0,[],2
731,Zhong Xuan can,0,0,[],4
732,Zhong Xuan can,6,1,[1985],3
733,Zhong Xuan can,7,4,[14023 31995 28079 24635],0
734,Zhong Xuan can,0,0,[],2
735,Zhong Xuan can,0,0,[],2
736,Zhong Xuan can,0,0,[],2
737,Zhong Xuan can,0,0,[],2
738,Zhong Xuan can,9,4,[20349 31995 28564 28235],0
739,Zhong Xuan can,9,4,[21195 12749 17279 17764],0
740,Zhong Xuan can,2,3,[9185 23949 1274],1
741,Zhong Xuan can,2,1,[8697],3
742,Zhong Xuan can,0,0,[],4
743,Zhong Xuan can,8,4,[53279 50164 16749 10235],0
744,Zhong Xuan can,7,4,[34749 37949 39035 42964],0
745,Zhong Xuan can,9,4,[42795 36298 39364 39035],0
746,Zhong Xuan can,5,4,[30749 35279 22874 31835],0
747,Zhong Xuan can,2,3,[18699 16349 8474],1
748,Zhong Xuan can,7,4,[17435 18699 24795 16349],0
749,Zhong Xuan can,0,0,[],2
750,Zhong Xuan can,1,0,[],4
751,Zhong Xuan can,8,4,[24795 10235 1274 50164],0
752,Zhong Xuan can,8,4,[31679 42795 27149 35435],0
753,Zhong Xuan can,2,3,[6712 4299 1274],1
754,Zhong Xuan can,6,4,[1274 13995 9549 10235],0
755,Zhong Xuan can,8,4,[6823 42635 49995 46564],0
756,Lin Chunan,4,1,[48062],3
757,Lin Chunan,3,1,[54694],3
758,Lin Chunan,0,0,[],2
759,Lin Chunan,0,0,[],4
760,Lin Chunan,0,0,[],4
761,Lin Chunan,13,4,[59709 9998 51494 55780],0
762,Lin Chunan,5,2,[49728 45998],2
763,Lin Chunan,0,0,[],2
764,Lin Chunan,4,1,[37262],3
765,Lin Chunan,1,1,[13728],3
766,Lin Chunan,11,4,[47619 17043 45309 15208],0
767,Lin Chunan,0,0,[],2
768,Lin Chunan,0,0,[],2
769,Lin Chunan,0,0,[],4
770,Lin Chunan,3,1,[58294],3
771,Lin Chunan,1,1,[17198],3
772,Lin Chunan,4,1,[12062],3
773,Lin Chunan,1,1,[13728],3
774,Lin Chunan,0,0,[],4
775,Lin Chunan,1,1,[6398],3
776,Lin Chunan,0,0,[],4
777,Lin Chunan,2,1,[15436],3
778,Lin Chunan,14,4,[16180 48424 41709 11608],0
779,Lin Chunan,3,0,[],4
780,Lin Chunan,0,0,[],2
781,Lin Chunan,2,0,[],4
782,Lin Chunan,1,1,[31598],3
783,Lin Chunan,0,0,[],4
784,Lin Chunan,0,0,[],4
785,Lin Chunan,0,0,[],2
786,Lin Chunan,1,1,[20798],3
787,Lin Chunan,2,0,[],4
788,Lin Chunan,3,0,[],4
789,Lin Chunan,1,1,[13728],3
790,Lin Chunan,0,0,[],4
791,Lin Chunan,1,1,[17198],3
792,Lin Chunan,9,4,[41224 8008 27998 36694],0
793,Lin Chunan,3,1,[57044],3
794,Lin Chunan,6,2,[42644 31728],2
795,Lin Chunan,1,1,[13598],3
796,Lin Chunan,1,1,[2798],3
797,Lin Chunan,0,0,[],2
798,Lin Chunan,0,0,[],2
799,Lin Chunan,9,2,[21842 20798],2
800,Lin Chunan,1,1,[13598],3
801,Lin Chunan,1,1,[42528],3
802,Song Pei Hoon,3,3,[29797 35226 26164],1
803,Song Pei Hoon,6,4,[24146 18997 49394 18964],0
804,Song Pei Hoon,4,4,[25018 795 5005 964],0
805,Song Pei Hoon,5,4,[13181 14397 23005 4564],0
806,Song Pei Hoon,8,4,[36997 39418 30164 67394],0
807,Song Pei Hoon,1,3,[19405 795 8164],1
808,Song Pei Hoon,5,3,[13346 6426 9794],1
809,Song Pei Hoon,0,1,[964],3
810,Song Pei Hoon,4,4,[27006 41005 42194 36964],0
811,Song Pei Hoon,3,3,[33364 7995 39418],1
812,Song Pei Hoon,4,3,[17143 27794 18964],1
813,Song Pei Hoon,3,4,[27794 18964 18795 23005],0
814,Song Pei Hoon,5,4,[9006 17143 27794 18964],0
815,Song Pei Hoon,8,4,[18997 17818 8605 13394],0
816,Song Pei Hoon,3,3,[4964 16994 8164],1
817,Song Pei Hoon,7,3,[13394 2743 7018],1
818,Song Pei Hoon,0,0,[],2
819,Song Pei Hoon,1,1,[5005],3
820,Song Pei Hoon,6,4,[37405 35818 63794 33364],0
821,Song Pei Hoon,2,3,[29764 4395 33397],1
822,Song Pei Hoon,0,0,[],2
823,Song Pei Hoon,5,4,[20546 20826 15397 11764],0
824,Song Pei Hoon,4,3,[6426 1364 16994],1
825,Song Pei Hoon,0,0,[],2
826,Song Pei Hoon,0,0,[],2
827,Song Pei Hoon,5,4,[2594 44605 11797 964],0
828,Song Pei Hoon,6,4,[32929 795 34994 26164],0
829,Song Pei Hoon,5,4,[795 4564 7018 16994],0
830,Song Pei Hoon,0,0,[],2
831,Song Pei Hoon,0,1,[964],3
832,Song Pei Hoon,8,4,[43729 1364 51805 9794],0
833,Song Pei Hoon,7,4,[16994 51805 1364 43018],0
834,Song Pei Hoon,10,3,[6426 9794 43018],1
835,Song Pei Hoon,3,4,[4395 4964 4564 34994],0
836,Song Pei Hoon,4,4,[1405 13543 15764 8164],0
837,Song Pei Hoon,0,1,[964],3
838,Song Pei Hoon,8,2,[4564 43729],2
839,Song Pei Hoon,5,4,[45794 46026 40597 36964],0
840,Song Pei Hoon,7,4,[26564 33805 35818 63794],0
841,Song Pei Hoon,7,4,[15764 9943 20947 20594],0
842,Song Pei Hoon,6,4,[11764 14218 15805 20594],0
843,Song Pei Hoon,4,3,[622 11797 16946],1
844,Song Pei Hoon,5,4,[12164 22597 8164 16994],0
845,Song Pei Hoon,7,4,[964 17818 18997 20594],0
846,Song Pei Hoon,9,4,[16946 17226 16828 9794],0
847,Song Pei Hoon,5,4,[16946 51805 16994 4564],0
848,Song Pei Hoon,7,4,[19806 964 9628 9794],0
849,Song Pei Hoon,3,3,[31747 19364 26164],1
850,Guo Baiyu,1,1,[37938],3
851,Guo Baiyu,2,1,[39224],3
852,Guo Baiyu,5,3,[39451 35624 27138],1
853,Guo Baiyu,5,3,[27603 32024 23538],1
854,Guo Baiyu,0,0,[],2
855,Guo Baiyu,0,0,[],2
856,Guo Baiyu,13,4,[21962 20216 13203 5538],0
857,Guo Baiyu,0,0,[],2
858,Guo Baiyu,0,0,[],4
859,Guo Baiyu,0,0,[],4
860,Guo Baiyu,4,3,[20193 19938 28424],1
861,Guo Baiyu,5,3,[20232 13203 19576],1
862,Guo Baiyu,6,3,[13032 13203 10424],1
863,Guo Baiyu,0,0,[],2
864,Guo Baiyu,0,0,[],2
865,Guo Baiyu,0,0,[],2
866,Guo Baiyu,0,0,[],2
867,Guo Baiyu,2,1,[2403],3
868,Guo Baiyu,0,0,[],2
869,Guo Baiyu,7,4,[11671 9138 20403 21224],0
870,Guo Baiyu,0,0,[],2
871,Guo Baiyu,0,0,[],2
872,Guo Baiyu,0,0,[],2
873,Guo Baiyu,4,3,[20193 19938 28424],1
874,Guo Baiyu,2,1,[28424],3
875,Guo Baiyu,5,3,[24824 12738 24003],1
876,Guo Baiyu,5,3,[27603 32024 23538],1
877,Guo Baiyu,0,0,[],2
878,Guo Baiyu,1,1,[5793],3
879,Guo Baiyu,0,0,[],2
880,Guo Baiyu,4,3,[18871 2193 5538],1
881,Guo Baiyu,0,0,[],4
882,Guo Baiyu,0,0,[],2
883,Guo Baiyu,5,3,[21224 20403 9138],1
884,Guo Baiyu,1,1,[5538],3
885,Guo Baiyu,0,0,[],2
886,Guo Baiyu,1,1,[5176],3
887,Guo Baiyu,5,3,[13203 3224 5538],1
888,Guo Baiyu,2,1,[50024],3
889,Guo Baiyu,1,1,[30738],3
890,Chang Chun Peng,9,4,[6100 41986 68601 68272],0
891,Chang Chun Peng,0,0,[],2
892,Chang Chun Peng,0,0,[],2
893,Chang Chun Peng,0,0,[],2
894,Chang Chun Peng,0,0,[],2
895,Chang Chun Peng,10,4,[68601 46516 33290 68272],0
896,Chang Chun Peng,0,0,[],2
897,Chang Chun Peng,0,0,[],4
898,Chang Chun Peng,9,4,[9700 9986 39801 14272],0
899,Chang Chun Peng,5,3,[15135 13300 21316],1
900,Chang Chun Peng,14,4,[56954 47001 21632 17872],0
901,Chang Chun Peng,7,4,[890 42386 38386 46672],0
902,Chang Chun Peng,2,3,[29820 42386 2500],1
903,Chang Chun Peng,0,1,[890],3
904,Chang Chun Peng,0,0,[],4
905,Chang Chun Peng,0,0,[],4
906,Chang Chun Peng,11,3,[38511 48734 50116],1
907,Chang Chun Peng,9,4,[33290 45986 68272 68601],0
908,Chang Chun Peng,4,3,[23986 24100 27986],1
909,Chang Chun Peng,0,0,[],2
910,Chang Chun Peng,0,0,[],2
911,Chang Chun Peng,2,1,[7935],3
912,Chang Chun Peng,0,0,[],2
913,Chang Chun Peng,7,4,[2728 7935 4620 50601],0
914,Chang Chun Peng,7,3,[50281 45711 48734],1
915,Chang Chun Peng,6,4,[45986 33420 6100 68601],0
916,Chang Chun Peng,3,1,[27134],3
917,Chang Chun Peng,0,0,[],2
918,Chang Chun Peng,0,0,[],2
919,Chang Chun Peng,0,0,[],2
920,Chang Chun Peng,0,0,[],2
921,Chang Chun Peng,0,0,[],2
922,Chang Chun Peng,9,4,[41986 50272 13300 54201],0
923,Chang Chun Peng,0,0,[],2
924,Yang Zhuoyun,8,4,[27534 23778 19648 31463],0
925,Yang Zhuoyun,2,1,[15048],3
926,Yang Zhuoyun,0,0,[],2
927,Yang Zhuoyun,4,3,[15196 10397 4848],1
928,Yang Zhuoyun,0,0,[],2
929,Yang Zhuoyun,0,0,[],2
930,Yang Zhuoyun,0,0,[],4
931,Yang Zhuoyun,0,0,[],2
932,Yang Zhuoyun,8,4,[17163 4248 4848 49463],0
933,Yang Zhuoyun,4,3,[37648 40848 45534],1
934,Yang Zhuoyun,4,3,[33648 30448 38334],1
935,Yang Zhuoyun,5,4,[28198 30448 33648 38334],0
936,Yang Zhuoyun,3,3,[5887 8848 13134],1
937,Yang Zhuoyun,0,0,[],2
938,Yang Zhuoyun,0,0,[],4
939,Yang Zhuoyun,0,0,[],4
940,Yang Zhuoyun,0,0,[],4
941,Yang Zhuoyun,6,3,[37816 42263 33648],1
942,Yang Zhuoyun,5,3,[22248 35063 20287],1
943,Yang Zhuoyun,8,3,[13134 17063 13634],1
944,Yang Zhuoyun,3,1,[14764],3
945,Yang Zhuoyun,2,1,[7996],3
946,Yang Zhuoyun,1,1,[7198],3
947,Yang Zhuoyun,1,0,[],4
948,Yang Zhuoyun,1,1,[7198],3
949,Yang Zhuoyun,0,0,[],4
950,Yang Zhuoyun,10,4,[6434 9863 20763 5934],0
951,Yang Zhuoyun,7,4,[16721 38998 40848 16734],0
952,Yang Zhuoyun,9,4,[42434 40848 45534 49463],0
953,Yang Zhuoyun,7,4,[16048 20334 19248 24263],0
954,Yang Zhuoyun,1,1,[8848],3
955,Yang Zhuoyun,0,0,[],4
956,Yang Zhuoyun,8,4,[9521 5248 5934 20763],0
957,Yang Zhuoyun,8,3,[52894 45534 49463],1
958,Yang Zhuoyun,6,3,[17063 4848 13134],1
959,Yang Zhuoyun,1,1,[8848],3
960,Yang Zhuoyun,0,0,[],4
961,Yang Zhuoyun,0,0,[],2
962,Yang Zhuoyun,8,4,[42263 6598 45378 17163],0
963,Yang Zhuoyun,7,2,[9534 5248],2
964,Stephanie Kao,6,4,[37836 27233 36973 40191],0
965,Stephanie Kao,7,4,[10619 3487 3887 14991],0
966,Stephanie Kao,5,3,[4417 18591 3487],1
967,Stephanie Kao,9,4,[15373 47617 19718 43791],0
968,Stephanie Kao,5,4,[13682 34637 43087 43791],0
969,Stephanie Kao,8,4,[39487 15373 12518 43791],0
970,Stephanie Kao,7,4,[20882 13508 18973 22191],0
971,Stephanie Kao,6,3,[10687 7487 29391],1
972,Stephanie Kao,5,3,[16637 13508 22191],1
973,Stephanie Kao,2,1,[6308],3
974,Stephanie Kao,5,4,[3887 2033 2237 2708],0
975,Stephanie Kao,8,4,[11617 16236 25802 18591],0
976,Stephanie Kao,6,3,[6308 11773 25791],1
977,Stephanie Kao,0,0,[],2
978,Stephanie Kao,7,4,[25622 2708 3487 4573],0
979,Stephanie Kao,7,4,[40022 29087 33373 36591],0
980,Stephanie Kao,5,3,[25791 14687 18973],1
981,Stephanie Kao,7,4,[16262 12636 10619 11773],0
982,Stephanie Kao,8,4,[47391 2708 22022 51217],0
983,Stephanie Kao,5,3,[43791 32287 40573],1
984,Stephanie Kao,6,3,[18817 22573 29391],1
985,Stephanie Kao,0,0,[],2
986,Stephanie Kao,3,3,[5462 5436 14287],1
987,Stephanie Kao,7,4,[22191 6308 6487 10687],0
988,Stephanie Kao,6,4,[5462 22022 3887 47391],0
989,Stephanie Kao,7,4,[38708 35887 44173 47391],0
990,Stephanie Kao,6,4,[33373 29087 25087 36591],0
991,Stephanie Kao,0,0,[],2
992,Stephanie Kao,0,0,[],2
993,Stephanie Kao,6,4,[3487 2237 4573 7791],0
994,Stephanie Kao,0,0,[],2
995,Huang Han,6,3,[31702 23716 36322],1
996,Huang Han,13,4,[15740 16208 12654 17318],0
997,Huang Han,1,1,[10118],3
998,Huang Han,1,0,[],4
999,Huang Han,10,4,[45972 49718 69029 40989],0
1000,Huang Han,9,3,[21758 23408 12189],1
1001,Huang Han,8,4,[10557 18322 13718 4989],0
1002,Huang Han,5,3,[12654 12916 1389],1
1003,Huang Han,0,0,[],2
1004,Huang Han,0,0,[],2
1005,Huang Han,7,3,[43154 38116 33789],1
1006,Huang Han,8,4,[27008 19671 23454 28118],0
1007,Huang Han,6,4,[9316 9054 4989 13718],0
1008,Huang Han,8,3,[22940 15789 28118],1
1009,Huang Han,0,0,[],2
1010,Huang Han,0,0,[],2
1011,Huang Han,1,0,[],4
1012,Huang Han,10,4,[40229 9054 48916 6518],0
1013,Huang Han,10,4,[5454 14039 6518 1389],0
1014,Huang Han,12,4,[46754 55340 37389 46118],0
1015,Huang Han,8,4,[16208 16516 17318 4989],0
1016,Huang Han,8,3,[16516 15029 4989],1
1017,Huang Han,4,3,[1389 2918 1854],1
1018,Huang Han,8,4,[70208 41271 41716 40989],0
1019,Huang Han,0,0,[],2
1020,Huang Han,12,4,[40229 5454 12608 2918],0
1021,Huang Han,8,4,[41408 34254 30189 38918],0
1022,Huang Han,6,3,[28118 21758 15789],1
1023,Huang Han,0,0,[],2
1024,Huang Han,4,3,[12654 8589 13718],1
1025,Huang Han,0,0,[],2
1026,Huang Han,4,3,[2918 1389 1854],1
1027,Huang Han,6,4,[7077 5716 6518 8589],0
1028,Huang Han,8,4,[35954 35318 30916 26589],0
1029,Huang Han,10,4,[25154 27008 16071 24518],0
1030,Huang Han,0,0,[],2
1031,Huang Han,12,4,[37808 37340 8589 17318],0
1032,Wu Chenxi,9,3,[22549 9571 44305],1
1033,Wu Chenxi,10,3,[18019 14819 40705],1
1034,Wu Chenxi,0,0,[],2
1035,Wu Chenxi,0,0,[],4
1036,Wu Chenxi,16,4,[43219 47749 69834 69505],0
1037,Wu Chenxi,8,3,[29333 39619 44634],1
1038,Wu Chenxi,14,4,[39619 44149 36419 40705],0
1039,Wu Chenxi,7,3,[29333 40187 38369],1
1040,Wu Chenxi,15,1,[48405],3
1041,Wu Chenxi,12,2,[51505 29219],2
1042,Wu Chenxi,3,1,[21619],3
1043,Wu Chenxi,14,4,[55114 4133 48405 51834],0
1044,Wu Chenxi,11,4,[32933 43219 40019 48234],0
1045,Wu Chenxi,12,3,[22019 30234 26305],1
1046,Wu Chenxi,11,3,[20369 18019 23034],1
1047,Wu Chenxi,13,3,[2371 11219 37105],1
1048,Wu Chenxi,3,1,[21619],3
1049,Wu Chenxi,14,4,[51505 47749 52368 47219],0
1050,Wu Chenxi,3,1,[18019],3
1051,Wu Chenxi,0,0,[],4
1052,Wu Chenxi,0,0,[],4
1053,Wu Chenxi,0,0,[],4
1054,Wu Chenxi,17,4,[22865 14419 48234 19105],0
1055,Wu Chenxi,11,4,[46819 47749 32933 69505],0
1056,Wu Chenxi,17,4,[36142 41205 40549 62305],0
1057,Wu Chenxi,3,0,[],4
1058,Wu Chenxi,0,1,[533],3
1059,Wu Chenxi,0,1,[7733],3
1060,Wu Chenxi,0,1,[4133],3
1061,Wu Chenxi,0,0,[],4
1062,Wu Chenxi,11,4,[35567 36949 30768 22133],0
1063,Wu Chenxi,0,1,[533],3
1064,Wu Chenxi,0,0,[],4
1065,Wu Chenxi,10,4,[22609 54949 533 11905],0
1066,Wu Chenxi,12,4,[28819 55434 18533 55105],0
1067,Wu Chenxi,0,0,[],2
1068,Wu Chenxi,4,1,[21742],3
1069,Wu Chenxi,0,1,[533],3
1070,Wu Chenxi,4,1,[13967],3
1071,Wu Chenxi,6,3,[16769 533 21619],1
1072,Wu Chenxi,0,0,[],4
1073,Wu Chenxi,0,0,[],4
1074,Wu Chenxi,0,1,[533],3
1075,Wu Chenxi,16,4,[47820 51349 47905 51834],0
1076,Wu Chenxi,5,3,[2371 533 37105],1
1077,Yang Hyun Christine,9,4,[46369 40383 37539 43979],0
1078,Yang Hyun Christine,12,4,[29108 30758 28369 19539],0
1079,Yang Hyun Christine,9,4,[27210 18308 16404 12339],0
1080,Yang Hyun Christine,0,0,[],2
1081,Yang Hyun Christine,11,4,[62690 36783 34404 64369],0
1082,Yang Hyun Christine,11,4,[57021 64369 63158 33939],0
1083,Yang Hyun Christine,6,3,[12804 8739 17569],1
1084,Yang Hyun Christine,9,4,[8319 39169 37958 8739],0
1085,Yang Hyun Christine,7,4,[7983 14841 5139 13969],0
1086,Yang Hyun Christine,1,1,[5139],3
1087,Yang Hyun Christine,1,0,[],4
1088,Yang Hyun Christine,16,4,[36308 43979 44690 5139],0
1089,Yang Hyun Christine,7,3,[40383 43508 46369],1
1090,Yang Hyun Christine,10,4,[34358 12804 12339 35569],0
1091,Yang Hyun Christine,9,4,[18779 783 8739 21169],0
1092,Yang Hyun Christine,0,1,[11583],3
1093,Yang Hyun Christine,2,1,[12804],3
1094,Yang Hyun Christine,0,0,[],2
1095,Yang Hyun Christine,1,1,[1539],3
1096,Yang Hyun Christine,0,0,[],2
1097,Yang Hyun Christine,15,4,[21507 8739 21704 21389],0
1098,Yang Hyun Christine,8,3,[48758 16410 45204],1
1099,Yang Hyun Christine,15,4,[45158 52410 46796 44690],0
1100,Yang Hyun Christine,8,3,[50841 57908 30339],1
1101,Yang Hyun Christine,9,3,[23139 51179 53569],1
1102,Yang Hyun Christine,10,4,[8739 18308 12804 17569],0
1103,Yang Hyun Christine,10,4,[19958 20004 21169 8739],0
1104,Yang Hyun Christine,1,1,[5139],3
1105,Yang Hyun Christine,0,0,[],2
1106,Yang Hyun Christine,12,4,[9204 6769 21389 5139],0
1107,Yang Hyun Christine,8,4,[21704 18783 21169 15939],0
1108,Yang Hyun Christine,10,3,[17907 18441 17569],1
1109,Yang Hyun Christine,6,4,[9010 3953 8319 17569],0
1110,Yang Hyun Christine,0,0,[],2
1111,Yang Hyun Christine,11,4,[12804 25979 28369 8739],0
1112,Yang Hyun Christine,0,0,[],2
1113,Yang Hyun Christine,1,1,[8739],3
1114,Yang Hyun Christine,11,4,[45204 31821 51179 41139],0
1115,Yang Hyun Christine,9,4,[17569 15183 8739 18779],0
1116,Yang Hyun Christine,14,3,[39169 37490 8739],1
1117,Yang Hyun Christine,9,3,[13969 11579 5139],1
1118,Yang Hyun Christine,6,4,[783 8739 9204 31969],0
1119,Yang Hyun Christine,8,3,[353 1539 24769],1
1120,Yang Hyun Christine,6,3,[14396 2004 1539],1
1121,Yang Hyun Christine,0,1,[783],3
1122,Yang Hyun Christine,10,4,[20010 6769 783 43979],0
1123,Yang Hyun Christine,11,4,[22558 15939 30810 24769],0
1124,Yang Hyun Christine,14,4,[20010 36779 37958 39169],0
1125,Yang Hyun Christine,8,3,[5139 34358 35569],1
1126,Yang Hyun Christine,15,3,[16358 16404 17569],1
1127,Yang Hyun Christine,1,1,[5139],3
1128,Yang Hyun Christine,6,4,[48810 64369 36783 33939],0
1129,Weng Zaihao,8,4,[35290 28946 30915 22977],0
1130,Weng Zaihao,8,4,[29110 15484 23104 44996],0
1131,Weng Zaihao,6,3,[5715 28946 8577],1
1132,Weng Zaihao,0,0,[],2
1133,Weng Zaihao,10,3,[2192 2115 4977],1
1134,Weng Zaihao,12,4,[12304 17745 43817 2115],0
1135,Weng Zaihao,3,3,[45315 40638 37377],1
1136,Weng Zaihao,5,3,[28742 19084 27315],1
1137,Weng Zaihao,4,4,[25065 15484 23715 15777],0
1138,Weng Zaihao,8,4,[8577 14546 18310 16515],0
1139,Weng Zaihao,8,4,[27315 26238 25817 15777],0
1140,Weng Zaihao,6,2,[8284 27315],2
1141,Weng Zaihao,9,2,[19504 23715],2
1142,Weng Zaihao,2,3,[4684 5715 8577],1
1143,Weng Zaihao,10,4,[32546 40217 19084 1377],0
1144,Weng Zaihao,5,4,[8284 42490 39910 30177],0
1145,Weng Zaihao,10,4,[25142 24945 27315 19377],0
1146,Weng Zaihao,11,4,[40217 41396 12177 20115],0
1147,Weng Zaihao,8,4,[2115 48596 12304 4977],0
1148,Weng Zaihao,10,4,[4122 43817 17745 5715],0
1149,Weng Zaihao,12,4,[22396 15777 23715 22217],0
1150,Weng Zaihao,8,4,[12398 34196 13690 12177],0
1151,Weng Zaihao,0,0,[],4
1152,Weng Zaihao,6,4,[59396 4684 38115 30177],0
1153,Weng Zaihao,9,4,[15017 14710 12915 4977],0
1154,Weng Zaihao,6,4,[12596 4684 4977 12915],0
1155,Weng Zaihao,7,2,[4638 12177],2
1156,Weng Zaihao,4,3,[8577 23715 19504],1
1157,Weng Zaihao,0,0,[],2
1158,Weng Zaihao,1,0,[],4
1159,Weng Zaihao,4,4,[26798 34515 29838 26577],0
1160,Weng Zaihao,6,4,[34515 1084 55796 26577],0
1161,Weng Zaihao,8,3,[29110 29417 19377],1
1162,Weng Zaihao,0,0,[],2
1163,Weng Zaihao,14,3,[48596 46742 55328],1
1164,Weng Zaihao,7,3,[26577 34196 23104],1
1165,Weng Zaihao,6,4,[27315 19084 19377 30596],0
1166,Weng Zaihao,14,4,[15777 33728 25510 25817],0
1167,Weng Zaihao,9,4,[34196 9315 11632 32546],0
1168,Weng Zaihao,9,4,[12304 33017 9315 12177],0
1169,Weng Zaihao,6,3,[1084 15017 4977],1
1170,Weng Zaihao,1,1,[4977],3
1171,Weng Zaihao,1,1,[1377],3
1172,Weng Zaihao,11,4,[45315 47417 48596 37377],0
1173,Chenjia Ru,8,4,[34805 36015 23494 37756],0
1174,Chenjia Ru,8,4,[11994 10815 13205 16156],0
1175,Chenjia Ru,0,0,[],2
1176,Chenjia Ru,0,0,[],2
1177,Chenjia Ru,5,3,[12556 12694 13205],1
1178,Chenjia Ru,10,4,[43215 6005 20625 44956],0
1179,Chenjia Ru,8,4,[50418 38940 15987 13205],0
1180,Chenjia Ru,10,4,[32418 30556 27094 25215],0
1181,Chenjia Ru,8,4,[11994 12694 10815 9605],0
1182,Chenjia Ru,5,4,[26264 29994 31205 34156],0
1183,Chenjia Ru,6,3,[13398 9605 12556],1
1184,Chenjia Ru,3,3,[11864 13205 12556],1
1185,Chenjia Ru,3,3,[37064 31740 6005],1
1186,Chenjia Ru,8,4,[20743 23356 22794 23494],0
1187,Chenjia Ru,5,4,[13205 11864 16156 16294],0
1188,Chenjia Ru,5,3,[19194 5494 20405],1
1189,Chenjia Ru,0,0,[],4
1190,Chenjia Ru,6,4,[1552 48556 12694 2405],0
1191,Chenjia Ru,10,4,[7215 17025 48556 2405],0
1192,Chenjia Ru,8,3,[25926 30694 30556],1
1193,Chenjia Ru,4,3,[8264 15594 16156],1
1194,Chenjia Ru,5,4,[4664 5356 26394 27605],0
1195,Chenjia Ru,9,4,[18015 19194 19894 16156],0
1196,Chenjia Ru,8,4,[29864 36018 36015 41187],0
1197,Chenjia Ru,7,3,[27605 36726 30556],1
1198,Chenjia Ru,8,4,[19194 16805 25218 23356],0
1199,Chenjia Ru,0,0,[],2
1200,Chenjia Ru,0,0,[],2
1201,Chenjia Ru,7,3,[17544 10373 19194],1
1202,Chenjia Ru,0,0,[],2
1203,Chenjia Ru,8,4,[11526 3794 1064 2405],0
1204,Chenjia Ru,5,3,[24540 26394 27605],1
1205,Chenjia Ru,5,3,[12694 16156 9605],1
1206,Chenjia Ru,6,3,[7215 12556 9605],1
1207,Chenjia Ru,7,3,[25215 26394 5356],1
1208,Chenjia Ru,8,4,[1064 3618 25215 5356],0
1209,Chenjia Ru,7,3,[12694 3615 5356],1
1210,Chenjia Ru,9,4,[37194 37756 43926 6005],0
1211,Xiang Yang Min,8,3,[36698 41580 33450],1
1212,Xiang Yang Min,10,3,[34952 9506 43306],1
1213,Xiang Yang Min,13,4,[37980 40834 34952 29850],0
1214,Xiang Yang Min,0,0,[],2
1215,Xiang Yang Min,0,0,[],2
1216,Xiang Yang Min,5,3,[9180 5805 8250],1
1217,Xiang Yang Min,0,0,[],4
1218,Xiang Yang Min,14,3,[45284 45752 27405],1
1219,Xiang Yang Min,9,2,[23805 23580],2
1220,Xiang Yang Min,0,0,[],2
1221,Xiang Yang Min,13,4,[1050 59684 5906 7306],0
1222,Xiang Yang Min,0,0,[],2
1223,Xiang Yang Min,8,3,[15450 30034 16380],1
1224,Xiang Yang Min,8,3,[22834 8250 9405],1
1225,Xiang Yang Min,8,2,[4650 5805],2
1226,Xiang Yang Min,13,3,[49352 41580 48173],1
1227,Xiang Yang Min,11,3,[39706 58973 31005],1
1228,Xiang Yang Min,8,3,[37234 22650 27405],1
1229,Xiang Yang Min,10,4,[22502 5906 8250 13005],0
1230,Xiang Yang Min,2,1,[5805],3
1231,Xiang Yang Min,13,4,[13735 59684 9405 3706],0
1232,Xiang Yang Min,13,2,[34408 36214],2
1233,Xiang Yang Min,8,3,[19050 38552 20205],1
1234,Xiang Yang Min,15,2,[13005 30173],2
1235,Xiang Yang Min,0,0,[],2
1236,Xiang Yang Min,10,3,[5580 22973 5805],1
1237,Xiang Yang Min,0,0,[],2
1238,Xiang Yang Min,10,3,[32506 48034 27405],1
1239,Xiang Yang Min,0,0,[],2
1240,Xiang Yang Min,0,0,[],2
1241,Xiang Yang Min,0,0,[],2
1242,Xiang Yang Min,0,0,[],2
1243,Zhang Yan Yu,4,4,[7838 11650 36526 44412],0
1244,Zhang Yan Yu,7,4,[30875 33941 28926 30012],0
1245,Zhang Yan Yu,7,4,[40799 22126 27275 30012],0
1246,Zhang Yan Yu,0,0,[],2
1247,Zhang Yan Yu,0,0,[],2
1248,Zhang Yan Yu,0,0,[],2
1249,Zhang Yan Yu,1,1,[2272],3
1250,Zhang Yan Yu,9,4,[4812 4656 5423 8741],0
1251,Zhang Yan Yu,7,4,[3726 4656 2272 8741],0
1252,Zhang Yan Yu,5,4,[11326 39726 11650 1823],0
1253,Zhang Yan Yu,7,4,[45676 8050 48341 44412],0
1254,Zhang Yan Yu,9,4,[38476 48172 40812 44741],0
1255,Zhang Yan Yu,7,4,[25554 40821 28926 41141],0
1256,Zhang Yan Yu,7,4,[29999 20075 14926 19212],0
1257,Zhang Yan Yu,7,4,[14977 16475 19823 15612],0
1258,Zhang Yan Yu,1,1,[6076],3
1259,Zhang Yan Yu,10,4,[11999 44256 12012 41141],0
1260,Zhang Yan Yu,5,4,[38847 43894 11650 36526],0
1261,Zhang Yan Yu,9,4,[44741 41312 31072 40812],0
1262,Zhang Yan Yu,9,4,[27734 14526 15612 19541],0
1263,Zhang Yan Yu,6,3,[5872 19541 15612],1
1264,Zhang Yan Yu,9,4,[7726 12012 15772 41141],0
1265,Zhang Yan Yu,11,4,[33599 30172 26741 22812],0
1266,Zhang Yan Yu,1,1,[4126],3
1267,Zhang Yan Yu,0,0,[],2
1268,Zhang Yan Yu,8,4,[39726 15612 1823 41141],0
1269,Zhang Yan Yu,8,4,[34223 51772 8050 44412],0
1270,Zhang Yan Yu,6,3,[44741 36526 40812],1
1271,Zhang Yan Yu,7,4,[34876 45734 25326 33612],0
1272,Zhang Yan Yu,7,4,[4238 26572 23423 19212],0
1273,Zhang Yan Yu,8,4,[8412 12623 4126 12341],0
1274,Zhang Yan Yu,0,0,[],4
1275,Zhang Yan Yu,0,0,[],4
1276,Zhang Yan Yu,7,4,[4126 18850 48341 8412],0
1277,Zhang Yan Yu,8,4,[50649 19372 13072 15612],0
1278,Zhang Yan Yu,8,4,[30012 26256 25326 33941],0
1279,Zhang Yan Yu,5,3,[24447 26912 22126],1
1280,Zhang Yan Yu,0,0,[],4
1281,Zhang Yan Yu,7,4,[39726 12875 51094 41141],0
1282,Zhang Yan Yu,6,3,[37212 32926 41141],1
1283,Zhang Yan Yu,8,4,[36694 31276 26256 33941],0
1284,Zhang Yan Yu,8,4,[23423 11326 26572 19212],0
1285,Zhang Yan Yu,0,0,[],2
1286,Zhang Yan Yu,3,0,[],4
1287,Zhang Yan Yu,9,4,[37212 44572 32926 41141],0
1288,Liao Xun weight,0,0,[],2
1289,Liao Xun weight,4,3,[35240 33171 37630],1
1290,Liao Xun weight,4,3,[34769 36419 25665],1
1291,Liao Xun weight,4,3,[19968 12543 19630],1
1292,Liao Xun weight,10,4,[10040 9168 10751 8830],0
1293,Liao Xun weight,0,0,[],2
1294,Liao Xun weight,0,0,[],2
1295,Liao Xun weight,6,4,[41027 41969 36419 5230],0
1296,Liao Xun weight,10,4,[35201 29571 32351 31640],0
1297,Liao Xun weight,4,4,[20369 15930 19630 15171],0
1298,Liao Xun weight,3,1,[13819],3
1299,Liao Xun weight,4,3,[11571 13640 12430],1
1300,Liao Xun weight,1,3,[1530 465 771],1
1301,Liao Xun weight,5,3,[3019 10854 5230],1
1302,Liao Xun weight,6,4,[32819 25971 31640 30430],0
1303,Liao Xun weight,5,4,[30768 23343 18465 32819],0
1304,Liao Xun weight,6,4,[2165 2840 465 1630],0
1305,Liao Xun weight,2,4,[19743 47571 7665 5230],0
1306,Liao Xun weight,6,4,[29265 43421 36419 5230],0
1307,Liao Xun weight,7,4,[38801 34030 29571 35240],0
1308,Liao Xun weight,6,3,[28219 31601 22371],1
1309,Liao Xun weight,4,3,[19630 7665 17240],1
1310,Liao Xun weight,6,4,[9365 10576 4371 8830],0
1311,Liao Xun weight,6,3,[17240 14819 16030],1
1312,Liao Xun weight,3,3,[12227 11219 11571],1
1313,Liao Xun weight,0,0,[],2
1314,Liao Xun weight,0,1,[4065],3
1315,Liao Xun weight,8,4,[18221 2840 1743 1630],0
1316,Liao Xun weight,7,4,[2165 16250 771 1630],0
1317,Liao Xun weight,7,3,[28576 28040 26830],1
1318,Liao Xun weight,4,4,[23568 16143 18771 23230],0
1319,Liao Xun weight,0,0,[],2
1320,Liao Xun weight,3,3,[30430 29219 465],1
1321,Liao Xun weight,0,0,[],4
1322,Liao Xun weight,4,3,[22907 50621 7665],1
1323,Liao Xun weight,7,4,[19743 11219 38840 5230],0
1324,Liao Xun weight,4,3,[23568 11265 25619],1
1325,Liao Xun weight,8,4,[17240 25151 4065 16030],0
1326,Liao Xun weight,2,1,[16769],3
1327,Liao Xun weight,4,3,[8830 7665 6440],1
1328,Liao Xun weight,1,1,[5027],3
1329,Liao Xun weight,10,4,[42440 14819 16250 5230],0
1330,Liao Xun weight,14,4,[19850 54221 43151 42440],0
1331,Liao Xun weight,3,4,[45569 32865 40371 8830],0
1332,Liao Xun weight,4,3,[41969 41027 8830],1
1333,Liao Xun weight,3,4,[22019 19630 15171 7665],0
1334,Liao Xun weight,6,4,[7971 14819 14621 12430],0
1335,Liao Xun weight,0,0,[],2
1336,He Yuting,0,0,[],4
1337,He Yuting,0,0,[],4
1338,He Yuting,0,0,[],4
1339,He Yuting,0,0,[],4
1340,He Yuting,0,0,[],4
1341,He Yuting,0,0,[],4
1342,He Yuting,0,0,[],4
1343,He Yuting,0,0,[],4
1344,He Yuting,0,0,[],4
1345,He Yuting,0,0,[],4
1346,He Yuting,0,0,[],4
1347,He Yuting,0,0,[],4
1348,He Yuting,0,0,[],4
1349,He Yuting,0,0,[],4
1350,He Yuting,0,0,[],4
1351,He Yuting,0,0,[],4
1352,He Yuting,0,0,[],4
1353,He Yuting,0,0,[],4
1354,He Yuting,0,0,[],4
1355,He Yuting,0,0,[],4
1356,He Yuting,0,0,[],4
1357,He Yuting,0,0,[],4
1358,He Yuting,0,0,[],4
1359,He Yuting,0,0,[],4
1360,He Yuting,0,0,[],4
1361,He Yuting,0,0,[],4
1362,He Yuting,0,0,[],4
1363,He Yuting,0,0,[],4
1364,He Yuting,0,0,[],4
1365,He Yuting,0,0,[],4
1366,He Yuting,0,0,[],4
1367,He Yuting,0,0,[],4
1368,He Yuting,0,0,[],4
1369,He Yuting,0,0,[],4
1370,He Yuting,0,0,[],4
1371,Lin Zonghan,8,4,[38032 52350 46110 34859],0
1372,Lin Zonghan,15,4,[32781 17845 18049 17310],0
1373,Lin Zonghan,1,1,[2032],3
1374,Lin Zonghan,10,3,[41299 40120 30832],1
1375,Lin Zonghan,16,4,[37231 30832 36520 37699],0
1376,Lin Zonghan,0,0,[],2
1377,Lin Zonghan,1,1,[2032],3
1378,Lin Zonghan,0,0,[],4
1379,Lin Zonghan,11,4,[50781 16350 2032 2910],0
1380,Lin Zonghan,8,4,[26899 24510 20032 22659],0
1381,Lin Zonghan,0,0,[],2
1382,Lin Zonghan,0,0,[],4
1383,Lin Zonghan,14,3,[1715 17310 48499],1
1384,Lin Zonghan,10,4,[24059 28110 29320 20032],0
1385,Lin Zonghan,8,4,[50449 24059 53310 26259],0
1386,Lin Zonghan,0,0,[],2
1387,Lin Zonghan,14,4,[48031 19699 2459 10110],0
1388,Lin Zonghan,6,4,[44915 38032 34859 42510],0
1389,Lin Zonghan,9,4,[34432 41299 31259 38910],0
1390,Lin Zonghan,6,3,[33459 36520 30832],1
1391,Lin Zonghan,12,4,[57445 24059 52099 53310],0
1392,Lin Zonghan,12,4,[18049 12832 19699 20910],0
1393,Lin Zonghan,15,4,[19231 17310 18520 9659],0
1394,Lin Zonghan,15,4,[18381 19231 19699 13259],0
1395,Lin Zonghan,0,0,[],2
1396,Lin Zonghan,0,1,[11859],3
1397,Lin Zonghan,4,1,[23299],3
1398,Lin Zonghan,12,4,[57649 52099 27150 6059],0
1399,Lin Zonghan,6,4,[50048 2032 47859 9659],0
1400,Lin Zonghan,9,4,[28448 23632 31710 20459],0
1401,Lin Zonghan,0,0,[],2
1402,Lin Zonghan,0,0,[],4
1403,Lin Zonghan,1,1,[12832],3
1404,Lin Zonghan,0,0,[],2
1405,Lin Zonghan,0,0,[],2
1406,Lin Zonghan,0,0,[],2
1407,Lin Zonghan,7,4,[1059 47320 2459 5632],0
1408,Lin Zonghan,13,4,[51631 16350 2032 13710],0
1409,Lin Zonghan,1,1,[13259],3
1410,Lin Zonghan,1,1,[6059],3
1411,Lin Zonghan,10,4,[1059 21130 6510 2032],0
1412,Lin Zonghan,13,4,[35310 36520 37699 30832],0
1413,Lin Wan Xuan,6,3,[23566 50364 53225],1
1414,Lin Wan Xuan,3,3,[5260 1195 20825],1
1415,Lin Wan Xuan,2,3,[2487 8395 17225],1
1416,Lin Wan Xuan,0,1,[1195],3
1417,Lin Wan Xuan,9,4,[50835 52014 53225 22795],0
1418,Lin Wan Xuan,7,4,[20622 22035 11995 16060],0
1419,Lin Wan Xuan,4,4,[17022 9687 17225 8395],0
1420,Lin Wan Xuan,5,4,[6222 2487 8814 1195],0
1421,Lin Wan Xuan,11,4,[24763 43164 28245 8395],0
1422,Lin Wan Xuan,6,4,[8814 5260 2825 1195],0
1423,Lin Wan Xuan,4,4,[6087 29995 41214 34060],0
1424,Lin Wan Xuan,8,4,[31963 26395 32364 35225],0
1425,Lin Wan Xuan,5,3,[16014 17225 4795],1
1426,Lin Wan Xuan,5,3,[48414 17225 4795],1
1427,Lin Wan Xuan,11,4,[32796 13963 12414 8860],0
1428,Lin Wan Xuan,7,4,[23214 21163 15595 19966],0
1429,Lin Wan Xuan,9,3,[23214 4795 8860],1
1430,Lin Wan Xuan,6,3,[1195 1660 24425],1
1431,Lin Wan Xuan,8,1,[1195],3
1432,Lin Wan Xuan,0,0,[],2
1433,Lin Wan Xuan,5,4,[4795 17760 2487 6425],0
1434,Lin Wan Xuan,0,0,[],2
1435,Lin Wan Xuan,6,3,[30414 27166 31625],1
1436,Lin Wan Xuan,5,4,[8860 19416 6087 4795],0
1437,Lin Wan Xuan,0,0,[],2
1438,Lin Wan Xuan,7,3,[12460 1195 13625],1
1439,Lin Wan Xuan,7,4,[32796 2825 45166 1195],0
1440,Lin Wan Xuan,5,3,[5566 25635 4795],1
1441,Lin Wan Xuan,0,0,[],2
1442,Lin Wan Xuan,0,0,[],2
1443,Lin Wan Xuan,3,3,[41260 46025 37195],1
1444,Lin Wan Xuan,9,3,[41016 41214 38825],1
1445,Lin Wan Xuan,5,2,[23566 22795],2
1446,Lin Wan Xuan,9,4,[13525 17563 19614 12460],0
1447,Lin Wan Xuan,9,4,[35760 30414 31625 1966],0
1448,Lin Wan Xuan,4,3,[8860 9166 28025],1
1449,Lin Wan Xuan,9,3,[28764 5260 28025],1
1450,Lin Wan Xuan,5,3,[22035 1195 1660],1
1451,Lin Wan Xuan,12,4,[44346 8860 17760 35964],0
1452,Lin Wan Xuan,8,4,[40035 34060 34366 38825],0
1453,Liu Yi Ning,7,4,[30348 39040 7724 42969],0
1454,Liu Yi Ning,6,3,[42969 27875 39040],1
1455,Liu Yi Ning,0,1,[837],3
1456,Liu Yi Ning,0,1,[8037],3
1457,Liu Yi Ning,6,4,[42640 11324 33237 46569],0
1458,Liu Yi Ning,0,0,[],2
1459,Liu Yi Ning,2,1,[6122],3
1460,Liu Yi Ning,6,4,[8037 16354 21369 17440],0
1461,Liu Yi Ning,0,0,[],2
1462,Liu Yi Ning,0,1,[837],3
1463,Liu Yi Ning,7,3,[42396 17440 46569],1
1464,Liu Yi Ning,8,4,[46569 41677 34754 42640],0
1465,Liu Yi Ning,5,3,[21040 17284 12754],1
1466,Liu Yi Ning,6,4,[6914 10084 5554 17769],0
1467,Liu Yi Ning,0,0,[],2
1468,Liu Yi Ning,4,3,[3903 9722 7904],1
1469,Liu Yi Ning,0,1,[837],3
1470,Liu Yi Ning,0,0,[],2
1471,Liu Yi Ning,0,0,[],2
1472,Liu Yi Ning,0,0,[],2
1473,Liu Yi Ning,5,4,[16922 837 16754 17440],0
1474,Liu Yi Ning,7,4,[8748 13154 17440 46569],0
1475,Liu Yi Ning,6,3,[15948 28084 28569],1
1476,Liu Yi Ning,0,0,[],2
1477,Liu Yi Ning,5,4,[7503 13322 18704 20354],0
1478,Liu Yi Ning,2,1,[9722],3
1479,Liu Yi Ning,1,1,[7503],3
1480,Liu Yi Ning,4,3,[5102 9722 4437],1
1481,Liu Yi Ning,1,1,[3903],3
1482,Liu Yi Ning,0,0,[],2
1483,Liu Yi Ning,7,4,[34354 42640 4124 46569],0
1484,Liu Yi Ning,6,3,[35769 39200 22437],1
1485,Liu Yi Ning,0,0,[],2
1486,Liu Yi Ning,7,4,[41554 11324 42969 13840],0
1487,Liu Yi Ning,6,4,[36303 36704 34354 39369],0
1488,Huang Zhijun,0,0,[],2
1489,Huang Zhijun,5,3,[65543 65849 54278],1
1490,Huang Zhijun,0,0,[],4
1491,Huang Zhijun,8,3,[78718 63153 79943],1
1492,Huang Zhijun,4,3,[27153 25943 21878],1
1493,Huang Zhijun,0,0,[],2
1494,Huang Zhijun,0,0,[],2
1495,Huang Zhijun,0,0,[],4
1496,Huang Zhijun,8,3,[61943 75118 57878],1
1497,Huang Zhijun,0,0,[],2
1498,Huang Zhijun,10,3,[37705 35518 36743],1
1499,Huang Zhijun,0,0,[],2
1500,Huang Zhijun,0,0,[],4
1501,Huang Zhijun,2,1,[33143],3
1502,Huang Zhijun,8,3,[48505 49447 36278],1
1503,Huang Zhijun,0,0,[],2
1504,Huang Zhijun,0,0,[],4
1505,Huang Zhijun,0,0,[],4
1506,Huang Zhijun,0,0,[],4
1507,Huang Zhijun,11,4,[5553 27328 7478 12708],0
1508,Huang Zhijun,0,0,[],2
1509,Huang Zhijun,0,0,[],2
1510,Huang Zhijun,0,0,[],2
1511,Huang Zhijun,0,0,[],2
1512,Huang Zhijun,0,0,[],2
1513,Huang Zhijun,0,0,[],2
1514,Huang Zhijun,0,0,[],2
1515,Huang Zhijun,0,0,[],2
1516,Huang Zhijun,1,1,[68678],3
1517,Huang Zhijun,5,2,[55953 61478],2
1518,Huang Zhijun,0,0,[],2
1519,Huang Zhijun,2,1,[25943],3
1520,Huang Zhijun,0,0,[],4
1521,Huang Zhijun,14,4,[22297 42247 49918 7478],0
1522,Huang Zhijun,0,0,[],2
1523,Huang Zhijun,0,0,[],2
1524,Liuling Jun,3,3,[41430 46016 37186],1
1525,Liuling Jun,6,4,[41251 37186 48405 46016],0
1526,Liuling Jun,5,3,[30405 28016 19186],1
1527,Liuling Jun,8,3,[12457 1186 31616],1
1528,Liuling Jun,3,3,[1186 24416 1830],1
1529,Liuling Jun,3,3,[16051 4786 13616],1
1530,Liuling Jun,1,1,[5430],3
1531,Liuling Jun,11,4,[43626 6416 4786 21036],0
1532,Liuling Jun,9,4,[50488 40026 5251 2816],0
1533,Liuling Jun,9,4,[25155 25626 28016 4786],0
1534,Liuling Jun,0,0,[],2
1535,Liuling Jun,5,3,[17955 20816 1186],1
1536,Liuling Jun,5,3,[8805 10016 1186],1
1537,Liuling Jun,9,4,[43155 23205 16051 13616],0
1538,Liuling Jun,8,4,[6268 4786 47937 1657],0
1539,Liuling Jun,4,4,[31468 37830 33586 8857],0
1540,Liuling Jun,9,4,[48405 49616 47226 19186],0
1541,Liuling Jun,3,3,[3243 4786 5251],1
1542,Liuling Jun,7,3,[2668 8857 22026],1
1543,Liuling Jun,1,1,[1830],3
1544,Liuling Jun,9,4,[14488 50826 48405 4786],0
1545,Liuling Jun,6,4,[23430 26805 19186 28016],0
1546,Liuling Jun,0,0,[],2
1547,Liuling Jun,0,0,[],2
1548,Liuling Jun,11,4,[5251 13836 12405 2816],0
1549,Liuling Jun,12,4,[31468 17436 12405 2816],0
1550,Liuling Jun,8,4,[2816 50488 8805 5251],0
1551,Liuling Jun,10,4,[5430 11226 12405 10016],0
1552,Liuling Jun,1,1,[8684],3
1553,Liuling Jun,0,0,[],2
1554,Liuling Jun,8,3,[40737 1186 12405],1
1555,Liuling Jun,7,4,[16057 1186 36426 2816],0
1556,Liuling Jun,15,3,[44337 35751 10016],1
1557,Liuling Jun,4,4,[26857 16051 15586 46016],0
1558,Liuling Jun,8,3,[11226 12405 16057],1
1559,Liuling Jun,10,4,[5430 29226 30405 31616],0
1560,Liuling Jun,9,4,[25626 26805 28016 8386],0
1561,Liuling Jun,0,0,[],2
1562,Liuling Jun,7,3,[16051 4786 17216],1
1563,Liuling Jun,0,0,[],2
1564,Liuling Jun,4,3,[38816 39688 33586],1
1565,Liuling Jun,5,3,[31468 37830 38816],1
1566,Liuling Jun,0,0,[],2
1567,Liuling Jun,0,0,[],4
1568,Liuling Jun,10,3,[50488 28755 37137],1
1569,Liuling Jun,12,3,[44337 10016 1186],1
1570,Liuling Jun,4,4,[8857 37830 42416 33586],0
1571,Lizi Xuan,6,3,[65148 37108 67538],1
1572,Lizi Xuan,10,4,[33927 32709 26773 31538],0
1573,Lizi Xuan,3,3,[8308 14073 9983],1
1574,Lizi Xuan,7,3,[22659 4708 13538],1
1575,Lizi Xuan,0,0,[],2
1576,Lizi Xuan,5,3,[1108 20738 19527],1
1577,Lizi Xuan,4,4,[15973 16279 4708 17138],0
1578,Lizi Xuan,4,4,[6383 57477 8308 15973],0
1579,Lizi Xuan,7,4,[43727 8773 13538 1108],0
1580,Lizi Xuan,6,3,[19108 27735 29148],1
1581,Lizi Xuan,9,4,[17877 19527 15973 20738],0
1582,Lizi Xuan,5,2,[9983 8773],2
1583,Lizi Xuan,6,4,[8773 9079 8308 36348],0
1584,Lizi Xuan,6,4,[5173 1108 8727 6338],0
1585,Lizi Xuan,0,0,[],2
1586,Lizi Xuan,0,1,[1108],3
1587,Lizi Xuan,8,4,[8773 51729 48679 6338],0
1588,Lizi Xuan,6,4,[39477 33973 38738 29908],0
1589,Lizi Xuan,10,4,[47859 41127 29908 38738],0
1590,Lizi Xuan,7,4,[25509 15508 19573 24338],0
1591,Lizi Xuan,6,3,[14748 8308 17138],1
1592,Lizi Xuan,11,4,[15729 14073 14748 4708],0
1593,Lizi Xuan,5,3,[24338 23127 4708],1
1594,Lizi Xuan,6,4,[2535 23127 1879 1108],0
1595,Lizi Xuan,8,4,[32277 20783 39948 8773],0
1596,Lizi Xuan,6,4,[42338 37879 44727 33508],0
1597,Lizi Xuan,12,4,[19879 26529 24873 25548],0
1598,Lizi Xuan,11,4,[1108 11148 19059 9938],0
1599,Lizi Xuan,5,3,[9079 8308 8773],1
1600,Lizi Xuan,0,0,[],2
1601,Lizi Xuan,0,0,[],4
1602,Lizi Xuan,6,4,[37108 42873 42338 41479],0
1603,Lizi Xuan,2,3,[34279 33973 33508],1
1604,Lizi Xuan,11,4,[29109 23479 24873 26727],0
1605,Lizi Xuan,2,3,[9938 6383 4708],1
1606,Lizi Xuan,4,3,[1879 30327 1108],1
1607,Lizi Xuan,3,4,[5173 20783 1108 2738],0
1608,Lizi Xuan,5,4,[45735 41173 45938 37108],0
1609,Lizi Xuan,10,4,[29148 30327 23173 27938],0
1610,Lizi Xuan,7,4,[14073 9983 8308 14748],0
1611,Lizi Xuan,4,4,[9938 9079 4708 8773],0
1612,Lizi Xuan,5,2,[27938 4708],2
1613,Lizi Xuan,9,2,[1573 1108],2
1614,Lizi Xuan,8,4,[10677 12373 11148 1108],0
1615,Lizi Xuan,3,3,[1108 12373 9938],1
1616,Lizi Xuan,0,0,[],2
1617,Lizi Xuan,9,3,[47148 13538 19527],1
1618,Lizi Xuan,6,3,[36348 35138 26308],1
1619,Lizi Xuan,6,4,[15508 50073 15973 45938],0
1620,Lizi Xuan,12,4,[14277 15927 14748 13538],0
1621,Lizi Xuan,7,3,[8773 10677 12327],1
1622,Lizi Xuan,1,1,[1573],3
1623,Lizi Xuan,9,4,[8727 5173 10473 2738],0
1624,Lizi Xuan,7,4,[50748 23173 22708 53138],0
1625,Liu Fengxuan,3,4,[43654 26403 33137 1814],0
1626,Liu Fengxuan,1,3,[1814 4918 30321],1
1627,Liu Fengxuan,11,4,[15921 23072 23414 23540],0
1628,Liu Fengxuan,10,4,[22361 23414 23540 26403],0
1629,Liu Fengxuan,12,4,[21034 8721 18761 19940],0
1630,Liu Fengxuan,6,3,[1318 8721 1814],1
1631,Liu Fengxuan,0,0,[],2
1632,Liu Fengxuan,7,3,[21371 40803 1814],1
1633,Liu Fengxuan,10,4,[12740 1521 40361 5414],0
1634,Liu Fengxuan,12,4,[48272 1814 40361 30321],0
1635,Liu Fengxuan,6,4,[55940 22803 26721 34214],0
1636,Liu Fengxuan,4,4,[22918 30614 25937 30740],0
1637,Liu Fengxuan,7,4,[19318 26672 27014 15921],0
1638,Liu Fengxuan,6,3,[36761 16214 8721],1
1639,Liu Fengxuan,0,0,[],2
1640,Liu Fengxuan,8,4,[15718 49887 8893 50486],0
1641,Liu Fengxuan,8,4,[9014 40337 46886 46689],0
1642,Liu Fengxuan,13,4,[47254 62672 63140 33921],0
1643,Liu Fengxuan,12,4,[35434 26721 54290 54761],0
1644,Liu Fengxuan,4,3,[6634 16214 11254],1
1645,Liu Fengxuan,2,3,[1203 1521 1814],1
1646,Liu Fengxuan,9,4,[36290 17889 1318 5121],0
1647,Liu Fengxuan,9,2,[16214 36761],2
1648,Liu Fengxuan,13,3,[10886 11090 11561],1
1649,Liu Fengxuan,7,4,[10234 30740 8403 5414],0
1650,Liu Fengxuan,0,0,[],2
1651,Liu Fengxuan,15,4,[14690 14409 16340 15161],0
1652,Liu Fengxuan,0,0,[],2
1653,Liu Fengxuan,2,2,[4803 4337],2
1654,Liu Fengxuan,2,3,[30003 33921 5414],1
1655,Liu Fengxuan,13,4,[33161 32854 41072 30614],0
1656,Liu Fengxuan,10,4,[51161 52340 23121 30614],0
1657,Liu Fengxuan,13,4,[25961 33872 26403 15921],0
1658,Liu Fengxuan,4,3,[10234 7654 1814],1
1659,Liu Fengxuan,0,0,[],2
1660,Liu Fengxuan,11,4,[41072 41540 5414 33921],0
1661,Liu Fengxuan,6,3,[22337 19521 29561],1
1662,Liu Fengxuan,12,4,[41072 40361 12321 19814],0
1663,Liu Fengxuan,8,3,[12003 9014 8721],1
1664,Liu Fengxuan,7,3,[18454 18290 12321],1
1665,Liu Fengxuan,6,4,[12740 8403 5414 1521],0
1666,Liu Fengxuan,6,2,[12321 9014],2
1667,Liu Fengxuan,1,3,[737 1814 8721],1
1668,Liu Fengxuan,4,4,[11254 1521 8403 5414],0
1669,Liu Fengxuan,5,4,[9014 33288 46886 37521],0
1670,Chen Weijun,2,3,[2240 33838 33576],1
1671,Chen Weijun,8,3,[27397 40262 26638],1
1672,Chen Weijun,4,4,[17644 15530 7911 16640],0
1673,Chen Weijun,6,4,[2799 25151 8193 4776],0
1674,Chen Weijun,8,4,[25151 22730 4593 23038],0
1675,Chen Weijun,0,1,[2240],3
1676,Chen Weijun,7,4,[6844 24476 22730 5840],0
1677,Chen Weijun,5,4,[10444 10751 16640 4311],0
1678,Chen Weijun,7,3,[10280 11930 11976],1
1679,Chen Weijun,1,1,[5038],3
1680,Chen Weijun,0,0,[],2
1681,Chen Weijun,6,4,[48238 2240 16961 4311],0
1682,Chen Weijun,2,4,[13024 31040 32044 22311],0
1683,Chen Weijun,5,4,[16640 35951 8376 7911],0
1684,Chen Weijun,5,4,[10751 8376 13040 4311],0
1685,Chen Weijun,1,3,[1176 711 2240],1
1686,Chen Weijun,7,4,[8376 43862 48238 2240],0
1687,Chen Weijun,6,4,[9879 8330 2240 711],0
1688,Chen Weijun,8,4,[25911 57730 53951 34640],0
1689,Chen Weijun,7,4,[51530 49880 31040 23038],0
1690,Chen Weijun,1,4,[2240 17644 993 4311],0
1691,Chen Weijun,1,4,[993 4311 11976 2240],0
1692,Chen Weijun,8,4,[15530 43151 8376 711],0
1693,Chen Weijun,7,4,[31880 11930 10444 5840],0
1694,Chen Weijun,6,4,[33460 49139 27424 9440],0
1695,Chen Weijun,8,4,[32351 31479 25911 29976],0
1696,Chen Weijun,13,3,[14351 15838 15530],1
1697,Chen Weijun,3,4,[22730 4593 7911 5840],0
1698,Chen Weijun,7,4,[993 43151 19130 4311],0
1699,Chen Weijun,10,4,[8376 14044 16961 35480],0
1700,Chen Weijun,1,3,[31599 22311 31040],1
1701,Chen Weijun,4,3,[26638 28076 22593],1
1702,Chen Weijun,0,0,[],2
1703,Chen Weijun,4,4,[2799 27397 4776 2240],0
1704,Chen Weijun,1,3,[5840 4776 711],1
1705,Chen Weijun,7,4,[13676 35951 711 2240],0
1706,Chen Weijun,6,2,[8376 7911],2
1707,Chen Weijun,3,4,[31880 11793 5840 7911],0
1708,Chen Weijun,1,3,[4776 2240 4311],1
1709,Chen Weijun,1,3,[2799 13040 711],1
1710,Chen Weijun,1,3,[1176 2240 711],1
1711,Chen Weijun,4,4,[45397 10444 4776 711],0
1712,Chen Weijun,5,4,[9440 36711 46751 40776],0
1713,Fuzi Rui,9,4,[49332 41099 47059 45748],0
1714,Fuzi Rui,13,4,[15768 31447 29059 27748],0
1715,Fuzi Rui,9,3,[15419 24988 24587],1
1716,Fuzi Rui,0,0,[],2
1717,Fuzi Rui,5,3,[4619 33838 569],1
1718,Fuzi Rui,10,2,[569 30238],2
1719,Fuzi Rui,7,2,[24148 11819],2
1720,Fuzi Rui,0,0,[],2
1721,Fuzi Rui,8,4,[20869 569 6148 4619],0
1722,Fuzi Rui,11,4,[20869 15838 7769 1019],0
1723,Fuzi Rui,7,4,[24148 1499 23038 11819],0
1724,Fuzi Rui,8,4,[4619 11770 569 16948],0
1725,Fuzi Rui,1,1,[4619],3
1726,Fuzi Rui,0,0,[],2
1727,Fuzi Rui,0,0,[],2
1728,Fuzi Rui,8,3,[40570 20548 11819],1
1729,Fuzi Rui,0,0,[],2
1730,Fuzi Rui,7,4,[49787 40619 44699 49348],0
1731,Fuzi Rui,10,4,[43638 48238 37019 32969],0
1732,Fuzi Rui,5,3,[11369 19499 23038],1
1733,Fuzi Rui,3,4,[15899 11819 7769 20548],0
1734,Fuzi Rui,1,3,[5441 4169 9748],1
1735,Fuzi Rui,8,4,[12631 9748 11819 32659],0
1736,Fuzi Rui,11,4,[5099 11819 29059 30238],0
1737,Fuzi Rui,6,3,[32188 1499 8219],1
1738,Fuzi Rui,4,3,[16932 5099 24148],1
1739,Fuzi Rui,1,1,[13348],3
1740,Fuzi Rui,0,0,[],2
1741,Fuzi Rui,6,3,[23038 20548 11819],1
1742,Fuzi Rui,2,3,[2548 569 1019],1
1743,Fuzi Rui,16,4,[42988 24587 7152 28069],0
1744,Fuzi Rui,6,4,[41038 29369 42148 37499],0
1745,Fuzi Rui,9,3,[33838 39184 13348],1
1746,Fuzi Rui,11,4,[1499 25459 26638 6148],0
1747,Fuzi Rui,8,4,[569 20869 9748 4619],0
1748,Fuzi Rui,9,4,[9031 40570 6148 1019],0
1749,Fuzi Rui,9,4,[37831 44170 37019 45748],0
1750,Fuzi Rui,6,3,[37438 34948 26219],1
1751,Fuzi Rui,6,3,[22619 28588 31348],1
1752,Fuzi Rui,3,3,[23099 19019 27748],1
1753,Fuzi Rui,12,4,[33370 24148 15419 26638],0
1754,Fuzi Rui,0,0,[],2
1755,Fuzi Rui,6,4,[569 1499 19438 11819],0
1756,Fuzi Rui,13,3,[8219 18259 20548],1
1757,Fuzi Rui,6,4,[1992 1065 10588 4619],0
1758,Fuzi Rui,0,0,[],2
1759,Fuzi Rui,1,1,[1019],3
1760,Fuzi Rui,11,4,[35584 36259 33899 38548],0
1761,Carisa Hung,10,4,[15229 35980 29481 31131],0
1762,Carisa Hung,3,1,[30731],3
1763,Carisa Hung,0,0,[],2
1764,Carisa Hung,2,1,[23614],3
1765,Carisa Hung,0,0,[],2
1766,Carisa Hung,0,0,[],2
1767,Carisa Hung,0,0,[],4
1768,Carisa Hung,14,4,[53261 19701 5531 10217],0
1769,Carisa Hung,9,3,[51081 52731 48731],1
1770,Carisa Hung,0,0,[],2
1771,Carisa Hung,0,0,[],4
1772,Carisa Hung,0,0,[],2
1773,Carisa Hung,9,3,[25881 30731 27531],1
1774,Carisa Hung,0,0,[],2
1775,Carisa Hung,0,0,[],2
1776,Carisa Hung,3,1,[16731],3
1777,Carisa Hung,0,0,[],2
1778,Carisa Hung,0,0,[],2
1779,Carisa Hung,0,0,[],2
1780,Carisa Hung,3,1,[16731],3
1781,Carisa Hung,0,0,[],2
1782,Carisa Hung,2,1,[9214],3
1783,Carisa Hung,0,0,[],4
1784,Carisa Hung,0,0,[],2
1785,Carisa Hung,3,1,[34331],3
1786,Carisa Hung,3,1,[30731],3
1787,Carisa Hung,9,3,[35125 23531 32652],1
1788,Carisa Hung,0,0,[],2
1789,Carisa Hung,0,0,[],2
1790,Carisa Hung,0,0,[],2
1791,Carisa Hung,0,0,[],2
1792,Carisa Hung,0,0,[],4
1793,Carisa Hung,3,1,[9925],3
1794,Carisa Hung,13,4,[16731 2014 16101 46546],0
1795,Carisa Hung,0,0,[],2
1796,Carisa Hung,2,1,[38014],3
1797,Carisa Hung,3,1,[30731],3
1798,Carisa Hung,15,4,[20331 16331 53746 13817],0
1799,Carisa Hung,13,4,[5614 12501 41531 53746],0
1800,Carisa Hung,0,0,[],4
1801,Carisa Hung,0,0,[],2
1802,Carisa Hung,3,1,[23531],3
1803,Carisa Hung,9,3,[13131 11080 24325],1
1804,Carisa Hung,3,1,[9131],3
1805,Carisa Hung,0,0,[],2
1806,Carisa Hung,2,1,[16414],3
1807,Carisa Hung,0,0,[],2
1808,Carisa Hung,0,0,[],2
1809,Andy Chung,0,0,[],2
1810,Andy Chung,0,0,[],2
1811,Andy Chung,0,0,[],2
1812,Andy Chung,0,0,[],2
1813,Andy Chung,2,1,[12366],3
1814,Andy Chung,0,0,[],2
1815,Andy Chung,3,1,[7433],3
1816,Andy Chung,4,1,[52813],3
1817,Andy Chung,0,0,[],2
1818,Andy Chung,0,0,[],2
1819,Andy Chung,10,3,[8683 19031 9083],1
1820,Andy Chung,3,1,[9477],3
1821,Andy Chung,4,1,[4631],3
1822,Andy Chung,2,1,[5166],3
1823,Andy Chung,3,1,[39404],3
1824,Andy Chung,4,1,[12851],3
1825,Andy Chung,2,1,[5166],3
1826,Andy Chung,0,0,[],4
1827,Andy Chung,11,4,[41083 49213 15006 12683],0
1828,Andy Chung,0,0,[],2
1829,Andy Chung,0,0,[],2
1830,Andy Chung,0,0,[],2
1831,Andy Chung,0,0,[],4
1832,Andy Chung,0,0,[],2
1833,Andy Chung,0,0,[],2
1834,Andy Chung,3,1,[19483],3
1835,Andy Chung,0,0,[],2
1836,Andy Chung,12,2,[16677 31213],2
1837,Andy Chung,7,3,[6190 10604 23483],1
1838,Andy Chung,0,0,[],4
1839,Andy Chung,15,4,[5166 56413 53298 13369],0
1840,Andy Chung,11,4,[34283 37483 32633 37566],0
1841,Huang Tingbai,9,4,[30791 19999 28402 23172],0
1842,Huang Tingbai,12,4,[8191 14584 10402 1572],0
1843,Huang Tingbai,0,1,[4658],3
1844,Huang Tingbai,8,3,[23591 9199 21202],1
1845,Huang Tingbai,13,3,[23591 24802 12372],1
1846,Huang Tingbai,1,1,[5172],3
1847,Huang Tingbai,10,4,[44012 34399 46402 37572],0
1848,Huang Tingbai,9,4,[66791 34399 68002 37572],0
1849,Huang Tingbai,8,4,[45191 46402 19058 15972],0
1850,Huang Tingbai,11,3,[17600 1116 15212],1
1851,Huang Tingbai,10,3,[9199 28402 26723],1
1852,Huang Tingbai,9,4,[16391 1999 17602 5172],0
1853,Huang Tingbai,9,3,[15212 17602 5172],1
1854,Huang Tingbai,4,3,[5828 8772 10402],1
1855,Huang Tingbai,10,4,[41172 51212 37999 50002],0
1856,Huang Tingbai,12,3,[22412 23591 24802],1
1857,Huang Tingbai,1,1,[12372],3
1858,Huang Tingbai,13,4,[7384 19204 21737 10402],0
1859,Huang Tingbai,13,4,[47612 48791 46402 37572],0
1860,Huang Tingbai,8,3,[24802 25140 19572],1
1861,Huang Tingbai,1,3,[22658 20228 19572],1
1862,Huang Tingbai,11,3,[1999 14584 5172],1
1863,Huang Tingbai,9,3,[26012 28402 8772],1
1864,Huang Tingbai,7,4,[5314 12004 5828 21202],0
1865,Huang Tingbai,0,0,[],2
1866,Huang Tingbai,0,0,[],2
1867,Huang Tingbai,1,1,[8772],3
1868,Huang Tingbai,0,0,[],2
1869,Huang Tingbai,8,3,[37572 48791 46402],1
1870,Huang Tingbai,9,4,[30799 33972 41591 42802],0
1871,Huang Tingbai,8,4,[23591 16628 24802 15972],0
1872,Huang Tingbai,12,4,[15604 15212 17602 8772],0
1873,Huang Tingbai,0,0,[],2
1874,Huang Tingbai,1,1,[9199],3
1875,Huang Tingbai,10,3,[50537 37999 51212],1
1876,Huang Tingbai,9,2,[68741 37999],2
1877,Huang Tingbai,8,3,[28984 44258 69212],1
1878,Huang Tingbai,10,4,[36137 30799 33458 36812],0
1879,Hung Yu Heng,0,0,[],2
1880,Hung Yu Heng,7,3,[19292 18513 30030],1
1881,Hung Yu Heng,0,0,[],2
1882,Hung Yu Heng,5,3,[17921 18042 22830],1
1883,Hung Yu Heng,3,1,[7892],3
1884,Hung Yu Heng,0,0,[],4
1885,Hung Yu Heng,10,4,[13301 33630 30024 31178],0
1886,Hung Yu Heng,10,3,[18513 22824 20378],1
1887,Hung Yu Heng,0,0,[],2
1888,Hung Yu Heng,0,0,[],2
1889,Hung Yu Heng,6,3,[13301 31178 33630],1
1890,Hung Yu Heng,8,3,[26424 15692 8430],1
1891,Hung Yu Heng,8,3,[12024 12492 12030],1
1892,Hung Yu Heng,0,0,[],4
1893,Hung Yu Heng,12,4,[40292 37224 36513 40830],0
1894,Hung Yu Heng,10,4,[18692 27578 25242 22892],0
1895,Hung Yu Heng,9,3,[19224 20378 22830],1
1896,Hung Yu Heng,0,0,[],2
1897,Hung Yu Heng,0,0,[],2
1898,Hung Yu Heng,7,3,[19692 18513 22830],1
1899,Hung Yu Heng,10,4,[3076 5978 21123 8430],0
1900,Hung Yu Heng,9,4,[4113 5292 4892 3642],0
1901,Hung Yu Heng,8,3,[33092 32913 37230],1
1902,Hung Yu Heng,7,3,[32041 33630 25713],1
1903,Hung Yu Heng,10,4,[22113 19692 27578 30030],0
1904,Hung Yu Heng,9,4,[12492 8492 20378 22830],0
1905,Hung Yu Heng,7,3,[15692 14913 12030],1
1906,Hung Yu Heng,0,0,[],2
1907,Hung Yu Heng,1,1,[2501],3
1908,Hung Yu Heng,0,0,[],4
1909,Hung Yu Heng,10,3,[49178 7121 40830],1
1910,Hung Yu Heng,7,3,[26892 37061 29313],1
1911,Hung Yu Heng,10,4,[18513 12092 26430 20378],0
1912,Hung Yu Heng,0,0,[],2
1913,Hung Yu Heng,8,3,[21438 26424 30030],1
1914,Hung Yu Heng,0,0,[],2
1915,Hung Yu Heng,8,3,[18692 15641 26892],1
1916,Hung Yu Heng,2,1,[15630],3
1917,Hung Yu Heng,0,0,[],4
1918,Hung Yu Heng,8,4,[21241 26261 16092 12092],0
1919,Hung Yu Heng,8,4,[10842 10276 15630 11313],0
1920,Hung Yu Heng,9,4,[39642 48092 20378 48030],0
1921,Hung Yu Heng,11,4,[36042 43713 45207 44430],0
1922,Hung Yu Heng,12,4,[16778 44424 48471 44430],0
1923,Hung Yu Heng,8,3,[40830 36513 38378],1
1924,Winnie Chang,5,4,[32134 28934 36820 28472],0
1925,Winnie Chang,5,4,[23480 28934 33220 35672],0
1926,Winnie Chang,7,4,[5480 14066 15220 17672],0
1927,Winnie Chang,0,0,[],2
1928,Winnie Chang,0,0,[],2
1929,Winnie Chang,4,3,[26883 17734 26020],1
1930,Winnie Chang,4,3,[6155 7334 10472],1
1931,Winnie Chang,5,3,[14083 2555 10303],1
1932,Winnie Chang,6,4,[9934 9080 13355 10472],0
1933,Winnie Chang,3,3,[6934 18134 10472],1
1934,Winnie Chang,7,4,[6530 6866 6155 6872],0
1935,Winnie Chang,2,1,[6155],3
1936,Winnie Chang,0,0,[],4
1937,Winnie Chang,5,4,[2084 24703 4420 6872],0
1938,Winnie Chang,6,4,[32134 44020 35672 38555],0
1939,Winnie Chang,4,3,[21734 24934 29620],1
1940,Winnie Chang,6,4,[16955 14134 18134 22420],0
1941,Winnie Chang,3,3,[943 6872 6155],1
1942,Winnie Chang,4,3,[1880 2555 6934],1
1943,Winnie Chang,1,3,[1963 3272 4543],1
1944,Winnie Chang,4,4,[4543 33220 30884 35672],0
1945,Winnie Chang,4,3,[12680 20555 24872],1
1946,Winnie Chang,5,3,[6866 17672 3334],1
1947,Winnie Chang,1,1,[2084],3
1948,Winnie Chang,6,4,[39713 41283 34280 44020],0
1949,Winnie Chang,0,0,[],2
1950,Winnie Chang,2,3,[5118 10303 6872],1
1951,Winnie Chang,5,3,[3734 2555 4420],1
1952,Winnie Chang,5,4,[34484 15220 16280 14534],0
1953,Winnie Chang,4,4,[5563 39713 39734 35734],0
1954,Winnie Chang,5,3,[14066 3334 17672],1
1955,Winnie Chang,0,0,[],2
1956,Winnie Chang,4,3,[12483 6155 6872],1
1957,Winnie Chang,2,3,[9508 6934 14072],1
1958,Winnie Chang,3,3,[18134 6934 14072],1
1959,Winnie Chang,4,3,[6155 14134 6872],1
1960,Winnie Chang,4,3,[2734 10303 6872],1
1961,Deng Yizhen,7,3,[36535 27465 34614],1
1962,Deng Yizhen,6,4,[20749 23814 22603 26623],0
1963,Deng Yizhen,5,3,[9465 16223 31014],1
1964,Deng Yizhen,6,4,[4854 2214 34264 27023],0
1965,Deng Yizhen,8,4,[41034 32935 31014 33823],0
1966,Deng Yizhen,5,4,[19068 28624 30223 27414],0
1967,Deng Yizhen,8,4,[37823 11803 39424 41023],0
1968,Deng Yizhen,7,4,[41423 31065 29803 31014],0
1969,Deng Yizhen,4,3,[9414 8203 8623],1
1970,Deng Yizhen,8,4,[25735 12623 8623 27414],0
1971,Deng Yizhen,6,2,[8623 10624],2
1972,Deng Yizhen,7,4,[30623 37864 37003 37423],0
1973,Deng Yizhen,7,4,[25024 33654 37823 30223],0
1974,Deng Yizhen,8,4,[11335 15823 19823 13014],0
1975,Deng Yizhen,0,0,[],2
1976,Deng Yizhen,7,4,[20953 23814 21424 26623],0
1977,Deng Yizhen,0,0,[],2
1978,Deng Yizhen,0,0,[],2
1979,Deng Yizhen,6,3,[10153 10624 13014],1
1980,Deng Yizhen,5,3,[8203 9064 1423],1
1981,Deng Yizhen,8,3,[46153 9414 41023],1
1982,Deng Yizhen,8,4,[25735 19003 19423 16614],0
1983,Deng Yizhen,6,4,[15654 19823 34264 9414],0
1984,Deng Yizhen,4,3,[20214 19864 8623],1
1985,Deng Yizhen,8,4,[31549 35824 5814 37003],0
1986,Wong Yang,0,0,[],2
1987,Wong Yang,3,1,[25146],3
1988,Wong Yang,4,1,[27365],3
1989,Wong Yang,8,3,[25146 34791 30480],1
1990,Wong Yang,4,1,[12965],3
1991,Wong Yang,0,0,[],2
1992,Wong Yang,9,3,[14346 7547 9197],1
1993,Wong Yang,8,3,[18347 19680 20391],1
1994,Wong Yang,3,1,[16397],3
1995,Wong Yang,0,0,[],4
1996,Wong Yang,17,1,[7146],3
1997,Wong Yang,10,3,[48397 52927 52397],1
1998,Wong Yang,9,3,[33545 29147 34080],1
1999,Wong Yang,0,0,[],2
2000,Wong Yang,0,0,[],2
2001,Wong Yang,3,1,[18347],3
2002,Wong Yang,8,2,[23280 18347],2
2003,Wong Yang,3,1,[12797],3
2004,Wong Yang,3,1,[9591],3
2005,Wong Yang,3,1,[48797],3
2006,Wong Yang,3,1,[32318],3
2007,Wong Yang,0,0,[],2
2008,Wong Yang,0,0,[],4
2009,Wong Yang,0,0,[],4
2010,Wong Yang,14,3,[15997 13483 5280],1
2011,Wong Yang,16,4,[9591 49327 46212 17083],0
2012,Wong Yang,0,0,[],2
2013,Wong Yang,0,0,[],2
2014,Wong Yang,0,0,[],4
2015,Wong Yang,8,3,[13191 5280 23597],1
2016,Wong Yang,12,2,[5280 13483],2
2017,Wong Yang,0,0,[],2
2018,Wong Yang,0,0,[],2
2019,Wong Yang,8,3,[23280 19997 28718],1
2020,Wong Yang,0,0,[],4
2021,Wong Yang,0,0,[],4
2022,Wong Yang,11,3,[17946 15767 46212],1
2023,Wong Yang,10,3,[21546 21947 24127],1
2024,Wong Yang,3,1,[14747],3
2025,Wong Yang,0,0,[],4
2026,Wong Yang,0,0,[],2
2027,Wong Yang,0,0,[],2
2028,Wong Yang,8,3,[14747 16397 19680],1
2029,Wong Yang,0,0,[],4
2030,Wong Yang,0,0,[],2
2031,Guan Ai Wu,1,1,[17567],3
2032,Guan Ai Wu,0,0,[],2
2033,Guan Ai Wu,1,1,[3167],3
2034,Guan Ai Wu,0,0,[],4
2035,Guan Ai Wu,9,4,[56100 42767 43232 71986],0
2036,Guan Ai Wu,11,4,[29896 21167 31207 32386],0
2037,Guan Ai Wu,1,1,[13967],3
2038,Guan Ai Wu,0,0,[],4
2039,Guan Ai Wu,1,1,[3167],3
2040,Guan Ai Wu,0,0,[],4
2041,Guan Ai Wu,13,3,[10367 53986 18032],1
2042,Guan Ai Wu,11,4,[8296 45607 17986 6767],0
2043,Guan Ai Wu,11,4,[28832 37080 42718 24767],0
2044,Guan Ai Wu,9,4,[18032 20407 13967 22696],0
2045,Guan Ai Wu,11,2,[10367 32386],2
2046,Guan Ai Wu,4,1,[25186],3
2047,Guan Ai Wu,0,0,[],2
2048,Guan Ai Wu,0,0,[],2
2049,Guan Ai Wu,1,0,[],4
2050,Guan Ai Wu,4,3,[32694 31967 40696],1
2051,Guan Ai Wu,8,3,[53518 33496 24767],1
2052,Guan Ai Wu,11,4,[29853 18950 21586 22696],0
2053,Guan Ai Wu,0,0,[],2
2054,Guan Ai Wu,0,0,[],2
2055,Guan Ai Wu,16,3,[24007 25186 10367],1
2056,Guan Ai Wu,0,0,[],2
2057,Guan Ai Wu,5,1,[16807],3
2058,Guan Ai Wu,0,0,[],4
2059,Guan Ai Wu,10,4,[17849 19417 7232 3167],0
2060,Guan Ai Wu,4,3,[39632 35567 44296],1
2061,Guan Ai Wu,13,4,[64318 64786 36032 44296],0
2062,Guan Ai Wu,8,3,[39118 21167 29896],1
2063,Guan Ai Wu,5,3,[25494 25232 21167],1
2064,Guan Ai Wu,10,4,[12455 13207 7232 11896],0
2065,Guan Ai Wu,1,1,[10367],3
2066,Guan Ai Wu,1,1,[6767],3
2067,Guan Ai Wu,3,2,[10357 3167],2
2068,Guan Ai Wu,14,4,[44932 45607 46786 39167],0
2069,Guan Ai Wu,7,3,[26932 21632 26296],1
2070,Guan Ai Wu,9,4,[45607 26296 18032 17567],0
2071,Guan Ai Wu,10,4,[11933 14386 7049 6767],0
2072,Guan Ai Wu,0,0,[],2
2073,Guan Ai Wu,1,0,[],4
2074,Guan Ai Wu,10,4,[26280 11896 46318 6767],0
2075,Guan Ai Wu,15,4,[41255 40550 43186 49918],0
2076,Guan Ai Wu,11,4,[7494 12532 12736 11896],0
2077,Guan Ai Wu,8,4,[13207 3449 3167 11896],0
2078,Guan Ai Wu,0,0,[],2
2079,Guan Ai Wu,9,4,[48455 46786 51480 47896],0
2080,Guan Ai Wu,8,3,[21894 24007 26296],1
2081,Kang Mingxi,2,3,[15764 24421 15663],1
2082,Kang Mingxi,7,4,[4863 25631 5328 28021],0
2083,Kang Mingxi,8,4,[11942 12528 13621 4863],0
2084,Kang Mingxi,0,1,[4863],3
2085,Kang Mingxi,8,4,[40742 5328 2821 1263],0
2086,Kang Mingxi,5,3,[37728 45045 43492],1
2087,Kang Mingxi,3,3,[26928 22863 28021],1
2088,Kang Mingxi,8,3,[37142 30410 22863],1
2089,Kang Mingxi,3,3,[30645 28021 19263],1
2090,Kang Mingxi,8,3,[23210 8564 22742],1
2091,Kang Mingxi,4,3,[1845 5328 20821],1
2092,Kang Mingxi,5,4,[34010 26928 34245 22863],0
2093,Kang Mingxi,9,4,[25631 26810 24421 19263],0
2094,Kang Mingxi,6,3,[21159 23210 15663],1
2095,Kang Mingxi,0,0,[],2
2096,Kang Mingxi,8,4,[21560 23210 24421 4863],0
2097,Kang Mingxi,1,1,[9045],3
2098,Kang Mingxi,8,4,[35960 16010 1364 10021],0
2099,Kang Mingxi,6,4,[26810 19364 19728 24421],0
2100,Kang Mingxi,0,0,[],2
2101,Kang Mingxi,4,3,[7492 16245 4863],1
2102,Kang Mingxi,0,0,[],4
2103,Kang Mingxi,6,4,[39159 34128 38821 30063],0
2104,Kang Mingxi,6,3,[5328 34010 35221],1
2105,Kang Mingxi,9,4,[25631 26810 28021 8463],0
2106,Kang Mingxi,1,1,[1728],3
2107,Kang Mingxi,7,3,[12528 8463 42421],1
2108,Kang Mingxi,8,3,[14360 15542 8463],1
2109,Kang Mingxi,1,1,[5328],3
2110,Kang Mingxi,14,4,[10021 42759 44342 40031],0
2111,Kang Mingxi,6,4,[36431 4964 38821 30063],0
2112,Kang Mingxi,7,3,[28021 30645 29231],1
2113,Kang Mingxi,8,4,[8463 13672 19610 20821],0
2114,Kang Mingxi,4,3,[16010 4863 16128],1
2115,Kang Mingxi,6,4,[12410 5328 2821 1263],0
2116,Kang Mingxi,7,3,[37845 36431 35221],1
2117,Yushi Yeap,7,4,[31272 37256 32726 44941],0
2118,Yushi Yeap,9,3,[27135 31842 26941],1
2119,Yushi Yeap,9,4,[19912 20275 23341 19412],0
2120,Yushi Yeap,6,3,[16312 8094 6276],1
2121,Yushi Yeap,2,1,[6747],3
2122,Yushi Yeap,9,4,[2472 7458 5012 8941],0
2123,Yushi Yeap,8,4,[24926 29126 37572 33812],0
2124,Yushi Yeap,10,4,[34312 24926 30212 34141],0
2125,Yushi Yeap,7,4,[18326 27876 24747 30541],0
2126,Yushi Yeap,11,4,[29058 33972 22856 30541],0
2127,Yushi Yeap,6,3,[13476 16141 12212],1
2128,Yushi Yeap,0,0,[],2
2129,Yushi Yeap,1,1,[17076],3
2130,Yushi Yeap,0,0,[],2
2131,Yushi Yeap,10,4,[3326 3858 5172 5012],0
2132,Yushi Yeap,6,3,[31272 44941 39147],1
2133,Yushi Yeap,7,4,[21326 27475 29694 30212],0
2134,Yushi Yeap,10,4,[23172 10347 15812 19741],0
2135,Yushi Yeap,0,0,[],2
2136,Yushi Yeap,0,0,[],2
2137,Yushi Yeap,0,0,[],4
2138,Yushi Yeap,2,1,[6747],3
2139,Yushi Yeap,8,4,[35076 19572 43526 44941],0
2140,Yushi Yeap,8,4,[29694 24747 18326 30541],0
2141,Yushi Yeap,7,3,[11249 10526 18258],1
2142,Yushi Yeap,6,3,[9672 18258 11694],1
2143,Yushi Yeap,6,3,[35547 44456 12212],1
2144,Yushi Yeap,9,4,[27876 9357 12212 41341],0
2145,Yushi Yeap,9,4,[45876 43458 44612 48541],0
2146,Yushi Yeap,9,4,[30199 14726 19412 23341],0
2147,Yushi Yeap,11,4,[16141 11058 19572 12212],0
2148,Yushi Yeap,0,0,[],2
2149,Yushi Yeap,6,3,[3926 4856 8941],1
2150,Yushi Yeap,10,4,[15799 6747 8612 44941],0
2151,Yushi Yeap,7,3,[30372 21147 23012],1
2152,Yushi Yeap,0,0,[],2
2153,Yushi Yeap,4,3,[9672 13947 7526],1
2154,Yushi Yeap,10,4,[51656 11058 8612 48541],0
2155,Yushi Yeap,11,4,[51294 12957 19572 44941],0
2156,Yushi Yeap,6,3,[36326 37741 8612],1
2157,Yushi Yeap,7,4,[33656 35547 29126 37412],0
2158,Yushi Yeap,7,3,[24747 27112 26612],1
2159,Yushi Yeap,13,4,[28764 16312 13947 19741],0
2160,Yushi Yeap,6,3,[17076 19412 19741],1
2161,Yushi Yeap,1,1,[7526],3
2162,Yushi Yeap,0,0,[],2
2163,Yushi Yeap,10,4,[52312 15294 8612 48541],0
2164,Yushi Yeap,7,4,[51821 50849 39926 12212],0
2165,Yushi Yeap,8,3,[25458 23012 26941],1
2166,Bai Li Jian,9,3,[40460 6139 34148],1
2167,Bai Li Jian,13,4,[39278 36328 30548 39749],0
2168,Bai Li Jian,10,3,[35474 36860 34939],1
2169,Bai Li Jian,6,3,[37748 41179 34939],1
2170,Bai Li Jian,10,4,[24878 26528 33979 30548],0
2171,Bai Li Jian,6,3,[19579 38539 16148],1
2172,Bai Li Jian,0,0,[],2
2173,Bai Li Jian,0,0,[],2
2174,Bai Li Jian,7,2,[12548 24139],2
2175,Bai Li Jian,7,3,[9790 5348 16939],1
2176,Bai Li Jian,10,4,[23179 48548 46949 9739],0
2177,Bai Li Jian,12,4,[40460 6139 15728 44948],0
2178,Bai Li Jian,8,4,[4993 37328 37748 6139],0
2179,Bai Li Jian,6,3,[12379 8948 31339],1
2180,Bai Li Jian,0,0,[],2
2181,Bai Li Jian,13,4,[17277 44948 20759 41748],0
2182,Bai Li Jian,10,4,[26948 21074 48989 24139],0
2183,Bai Li Jian,0,0,[],4
2184,Bai Li Jian,11,4,[6139 32078 12128 38148],0
2185,Bai Li Jian,11,4,[39278 38539 34589 40928],0
2186,Bai Li Jian,0,0,[],2
2187,Bai Li Jian,7,3,[24190 31339 8948],1
2188,Bai Li Jian,8,3,[7210 5348 14078],1
2189,Bai Li Jian,8,3,[39749 34148 6139],1
2190,Bai Li Jian,8,3,[6139 30559 30948],1
2191,Bai Li Jian,6,3,[5179 38539 30548],1
2192,Bai Li Jian,9,3,[32549 33728 34939],1
2193,Bai Li Jian,14,4,[3749 4460 4928 2539],0
2194,Bai Li Jian,10,4,[56189 28077 34148 31339],0
2195,Bai Li Jian,11,4,[27739 28949 38148 34148],0
2196,Bai Li Jian,12,4,[25349 18010 26528 27739],0
2197,Bai Li Jian,7,3,[20539 19328 8948],1
2198,Bai Li Jian,12,4,[45348 17159 9739 48548],0
2199,Bai Li Jian,10,4,[38590 48548 52589 9739],0
2200,Bai Li Jian,11,4,[48989 17277 41748 44948],0
2201,Bai Li Jian,8,3,[40928 37748 34548],1
2202,Bai Li Jian,8,3,[29128 34148 31339],1
2203,Bai Li Jian,12,4,[24674 26060 24139 30548],0
2204,Bai Li Jian,11,4,[39278 40928 19748 27348],0
2205,Bai Li Jian,7,3,[30989 8948 31339],1
2206,Bai Li Jian,3,1,[26528],3
2207,Bai Li Jian,8,2,[20539 8948],2
2208,Bai Li Jian,10,4,[41789 40928 9739 37748],0
2209,Yu Chen Chen,0,0,[],4
2210,Yu Chen Chen,0,0,[],4
2211,Yu Chen Chen,0,0,[],4
2212,Yu Chen Chen,0,0,[],4
2213,Yu Chen Chen,0,0,[],4
2214,Yu Chen Chen,0,0,[],4
2215,Yu Chen Chen,0,1,[28313],3
2216,Yu Chen Chen,0,0,[],4
2217,Yu Chen Chen,0,0,[],4
2218,Yu Chen Chen,0,0,[],4
2219,Yu Chen Chen,0,0,[],4
2220,Yu Chen Chen,0,0,[],4
2221,Yu Chen Chen,0,0,[],4
2222,Yu Chen Chen,0,0,[],4
2223,Yu Chen Chen,0,0,[],4
2224,Yu Chen Chen,0,0,[],4
2225,Yu Chen Chen,0,0,[],4
2226,Yu Chen Chen,0,0,[],4
2227,Yu Chen Chen,0,0,[],4
2228,Yu Chen Chen,0,0,[],4
2229,Yu Chen Chen,0,0,[],4
2230,Yu Chen Chen,0,0,[],4
2231,Yu Chen Chen,0,0,[],4
2232,Yu Chen Chen,0,0,[],4
2233,Yu Chen Chen,0,0,[],4
2234,Yu Chen Chen,0,0,[],4
2235,Yu Chen Chen,0,0,[],4
2236,Yu Chen Chen,0,0,[],4
2237,Yu Chen Chen,0,0,[],4
2238,Yu Chen Chen,0,0,[],4
2239,Yu Chen Chen,0,0,[],4
2240,Yu Chen Chen,0,0,[],4
2241,Yu Chen Chen,0,1,[13913],3
2242,Yu Chen Chen,0,0,[],4
2243,Yu Chen Chen,0,0,[],4
2244,Yu Chen Chen,0,0,[],4
2245,Yu Chen Chen,0,0,[],4
2246,Yu Chen Chen,0,0,[],4
2247,Yu Chen Chen,0,1,[6713],3
2248,Yu Chen Chen,0,0,[],4
2249,Yu Chen Chen,0,0,[],4
2250,Yu Chen Chen,0,0,[],4
2251,Yu Chen Chen,0,0,[],4
2252,Yu Chen Chen,0,0,[],4
2253,Yu Chen Chen,0,0,[],4
2254,Yu Chen Chen,0,0,[],4
2255,Yu Chen Chen,0,0,[],4
2256,Liu Ting Yi,9,4,[46563 45016 42954 46883],0
2257,Liu Ting Yi,8,4,[30289 27868 32154 36083],0
2258,Liu Ting Yi,10,4,[28554 32483 26689 35914],0
2259,Liu Ting Yi,1,0,[],4
2260,Liu Ting Yi,6,4,[4414 10554 53598 13068],0
2261,Liu Ting Yi,7,4,[9868 49636 39683 38268],0
2262,Liu Ting Yi,6,3,[39683 35754 31468],1
2263,Liu Ting Yi,0,0,[],2
2264,Liu Ting Yi,10,4,[20200 28714 15889 21354],0
2265,Liu Ting Yi,6,3,[9468 10554 14483],1
2266,Liu Ting Yi,4,3,[15418 12289 20268],1
2267,Liu Ting Yi,7,4,[8014 12289 13000 17068],0
2268,Liu Ting Yi,0,0,[],2
2269,Liu Ting Yi,7,3,[41268 42954 46883],1
2270,Liu Ting Yi,10,4,[30289 31000 32154 36083],0
2271,Liu Ting Yi,0,0,[],4
2272,Liu Ting Yi,9,4,[25114 5868 6798 7283],0
2273,Liu Ting Yi,8,4,[39198 29614 33889 39683],0
2274,Liu Ting Yi,0,0,[],2
2275,Liu Ting Yi,2,1,[8689],3
2276,Liu Ting Yi,9,4,[33418 41800 17914 14154],0
2277,Liu Ting Yi,7,3,[37489 39354 43283],1
2278,Liu Ting Yi,9,4,[32483 27400 27468 28554],0
2279,Liu Ting Yi,0,0,[],2
2280,Liu Ting Yi,9,4,[14154 46398 41089 43283],0
2281,Liu Ting Yi,7,3,[20391 17754 16600],1
2282,Liu Ting Yi,7,3,[14154 10398 18083],1
2283,Liu Ting Yi,1,1,[20268],3
2284,Liu Ting Yi,10,4,[43283 18499 41089 46398],0
2285,Liu Ting Yi,8,4,[46883 41089 41868 42954],0
2286,Liu Ting Yi,5,3,[35068 37489 42798],1
2287,Liu Ting Yi,6,3,[36083 30289 31068],1
2288,Liu Ting Yi,10,4,[21514 49998 46883 17754],0
2289,Liu Ting Yi,8,4,[38200 39354 33889 31468],0
2290,High Ze Quan,9,3,[29400 37219 16095],1
2291,High Ze Quan,6,4,[46436 41287 8895 12068],0
2292,High Ze Quan,4,4,[39637 19796 8895 12068],0
2293,High Ze Quan,9,1,[31698],3
2294,High Ze Quan,5,2,[13698 1268],2
2295,High Ze Quan,0,1,[4877],3
2296,High Ze Quan,0,0,[],2
2297,High Ze Quan,9,3,[47308 21236 10098],1
2298,High Ze Quan,7,4,[52196 32437 12487 1268],0
2299,High Ze Quan,6,4,[43225 33668 30495 64098],0
2300,High Ze Quan,12,3,[29308 37219 28837],1
2301,High Ze Quan,3,4,[5295 24498 5396 9536],0
2302,High Ze Quan,5,3,[2336 10837 13698],1
2303,High Ze Quan,9,4,[41287 43708 1268 10098],0
2304,High Ze Quan,9,4,[22868 32908 34087 31698],0
2305,High Ze Quan,0,1,[4868],3
2306,High Ze Quan,9,4,[43237 43708 37268 42498],0
2307,High Ze Quan,8,4,[43033 9536 44887 42498],0
2308,High Ze Quan,6,4,[23936 29308 31698 22868],0
2309,High Ze Quan,5,4,[26887 24498 19268 16095],0
2310,High Ze Quan,3,3,[1796 20898 1268],1
2311,High Ze Quan,7,3,[15619 17298 8468],1
2312,High Ze Quan,8,4,[12596 11308 12487 1268],0
2313,High Ze Quan,0,1,[1695],3
2314,High Ze Quan,0,1,[5100],3
2315,High Ze Quan,9,4,[55045 4868 44419 1695],0
2316,High Ze Quan,16,4,[55045 44419 43708 16087],0
2317,High Ze Quan,11,4,[12487 32425 40108 1268],0
2318,High Ze Quan,3,3,[30596 19268 24498],1
2319,High Ze Quan,6,4,[21625 42498 8895 12068],0
2320,High Ze Quan,2,3,[8468 1695 31698],1
2321,High Ze Quan,0,0,[],2
2322,High Ze Quan,4,3,[11308 2336 4868],1
2323,High Ze Quan,11,4,[19219 18508 20898 12068],0
2324,High Ze Quan,7,2,[24498 4868],2
2325,High Ze Quan,7,3,[8419 10098 1268],1
2326,High Ze Quan,0,0,[],2
2327,High Ze Quan,0,0,[],2
2328,High Ze Quan,8,4,[32437 2898 12487 8895],0
2329,High Ze Quan,7,4,[44419 34095 37268 46098],0
2330,High Ze Quan,3,4,[44996 37268 34095 67698],0
2331,High Ze Quan,8,4,[30495 46825 44996 44887],0
2332,High Ze Quan,4,3,[33668 9536 40108],1
2333,High Ze Quan,4,3,[8477 39433 16196],1
2334,High Ze Quan,0,1,[1695],3
2335,High Ze Quan,0,1,[1268],3
2336,High Ze Quan,5,4,[8468 39637 5936 13698],0
2337,High Ze Quan,7,4,[12487 20336 32425 1268],0
2338,High Ze Quan,4,4,[12077 15445 9536 8468],0
2339,Wen Shi Kai,0,0,[],2
2340,Wen Shi Kai,0,0,[],2
2341,Wen Shi Kai,0,0,[],2
2342,Wen Shi Kai,0,0,[],2
2343,Wen Shi Kai,0,0,[],2
2344,Wen Shi Kai,0,0,[],2
2345,Wen Shi Kai,2,1,[4702],3
2346,Wen Shi Kai,0,0,[],2
2347,Wen Shi Kai,1,1,[8385],3
2348,Wen Shi Kai,13,4,[23948 5102 49317 9388],0
2349,Wen Shi Kai,14,4,[52748 41632 49317 45388],0
2350,Wen Shi Kai,1,1,[22785],3
2351,Wen Shi Kai,0,0,[],2
2352,Wen Shi Kai,2,1,[29902],3
2353,Wen Shi Kai,6,3,[10251 8302 12302],1
2354,Wen Shi Kai,7,3,[12832 19896 11902],1
2355,Wen Shi Kai,0,0,[],2
2356,Wen Shi Kai,0,0,[],2
2357,Wen Shi Kai,2,1,[16296],3
2358,Wen Shi Kai,0,0,[],4
2359,Wen Shi Kai,2,1,[35852],3
2360,Wen Shi Kai,6,3,[26385 38032 33502],1
2361,Wen Shi Kai,0,0,[],2
2362,Wen Shi Kai,6,3,[20032 19502 19185],1
2363,Wen Shi Kai,8,4,[6651 8870 4702 11985],0
2364,Wen Shi Kai,0,0,[],2
2365,Wen Shi Kai,2,1,[12302],3
2366,Wen Shi Kai,2,0,[],4
2367,Wen Shi Kai,0,0,[],4
2368,Wen Shi Kai,8,3,[31823 43052 30696],1
2369,Wen Shi Kai,0,0,[],2
2370,Wen Shi Kai,0,0,[],2
2371,Wen Shi Kai,6,3,[34296 22702 26702],1
2372,Wen Shi Kai,7,3,[23102 19102 23632],1
2373,Wen Shi Kai,5,3,[19185 19502 15502],1
2374,Wen Shi Kai,1,1,[8385],3
2375,Wen Shi Kai,0,0,[],4
2376,Wen Shi Kai,0,0,[],4
2377,Wen Shi Kai,0,0,[],4
2378,Wen Shi Kai,10,3,[8425 5788 9717],1
2379,Wen Shi Kai,12,4,[12696 23948 4702 49317],0
2380,Wen Shi Kai,9,4,[43052 44702 70588 47902],0
2381,Wen Shi Kai,6,3,[23632 21051 26385],1
2382,Wen Shi Kai,4,1,[24288],3
2383,Wen Shi Kai,8,3,[13488 12302 8302],1
2384,Wen Shi Kai,7,3,[9232 13823 3452],1
2385,Wen Shi Kai,0,0,[],4
2386,Wen Shi Kai,3,1,[38032],3
2387,Wen Shi Kai,0,0,[],2
2388,Wen Shi Kai,2,1,[41102],3
2389,Wen Shi Kai,0,0,[],2
2390,Wen Shi Kai,0,0,[],4
2391,Wen Shi Kai,2,1,[5496],3
2392,Wen Shi Kai,1,1,[4785],3
2393,Wen Shi Kai,1,1,[1185],3
2394,Wen Shi Kai,12,3,[23948 6651 13823],1
2395,Wen Shi Kai,7,3,[27888 29985 22702],1
2396,Li Yuzhe,7,4,[30021 37896 40784 32055],0
2397,Li Yuzhe,8,3,[15621 24207 21075],1
2398,Li Yuzhe,0,0,[],2
2399,Li Yuzhe,5,3,[8504 16296 14055],1
2400,Li Yuzhe,0,0,[],4
2401,Li Yuzhe,7,4,[37896 36120 40784 32055],0
2402,Li Yuzhe,4,3,[15704 17475 6855],1
2403,Li Yuzhe,3,2,[7484 3255],2
2404,Li Yuzhe,5,4,[25137 19024 6855 11984],0
2405,Li Yuzhe,1,1,[10455],3
2406,Li Yuzhe,0,0,[],2
2407,Li Yuzhe,8,4,[50782 15704 45807 6855],0
2408,Li Yuzhe,7,4,[29824 25320 25582 29984],0
2409,Li Yuzhe,0,0,[],2
2410,Li Yuzhe,1,1,[3255],3
2411,Li Yuzhe,10,4,[4821 13407 3982 6675],0
2412,Li Yuzhe,6,4,[25137 50782 17475 11984],0
2413,Li Yuzhe,6,3,[48225 44341 39255],1
2414,Li Yuzhe,0,0,[],2
2415,Li Yuzhe,6,3,[23496 21075 21255],1
2416,Li Yuzhe,10,4,[42207 33825 13875 7320],0
2417,Li Yuzhe,4,3,[35937 44625 44384],1
2418,Li Yuzhe,5,3,[24855 25320 24675],1
2419,Li Yuzhe,6,4,[22904 21075 11182 15584],0
2420,Li Yuzhe,0,0,[],2
2421,Li Yuzhe,6,4,[15704 10920 17475 8384],0
2422,Li Yuzhe,8,4,[15306 10920 8384 6855],0
2423,Li Yuzhe,10,4,[12696 17007 13875 10455],0
2424,Li Yuzhe,0,0,[],2
2425,Li Yuzhe,0,0,[],2
2426,Li Yuzhe,6,3,[4904 9096 10275],1
2427,Li Yuzhe,1,1,[3255],3
2428,Li Yuzhe,7,4,[42675 43320 43582 47984],0
2429,Li Yuzhe,7,4,[34475 35475 32055 40784],0
2430,Qiu Italian View,7,4,[31664 36573 40004 22235],0
2431,Qiu Italian View,8,3,[17181 37350 18635],1
2432,Qiu Italian View,6,3,[22004 25835 18573],1
2433,Qiu Italian View,8,3,[27444 15035 15435],1
2434,Qiu Italian View,11,4,[10656 14967 11835 7773],0
2435,Qiu Italian View,0,0,[],4
2436,Qiu Italian View,10,4,[43835 17181 43767 47373],0
2437,Qiu Italian View,0,0,[],2
2438,Qiu Italian View,0,0,[],2
2439,Qiu Italian View,6,4,[5444 24464 20985 25773],0
2440,Qiu Italian View,12,4,[14256 18567 11835 19721],0
2441,Qiu Italian View,7,3,[17181 11373 10656],1
2442,Qiu Italian View,10,4,[36231 18035 19035 23321],0
2443,Qiu Italian View,6,3,[18573 16244 17856],1
2444,Qiu Italian View,10,4,[32973 31785 29367 22235],0
2445,Qiu Italian View,8,3,[7773 14967 11204],1
2446,Qiu Italian View,2,1,[11373],3
2447,Qiu Italian View,0,0,[],4
2448,Qiu Italian View,11,4,[4167 4635 5321 7773],0
2449,Qiu Italian View,11,4,[11031 35856 36567 40173],0
2450,Qiu Italian View,8,3,[29835 32256 37721],1
2451,Qiu Italian View,11,4,[32967 29835 34121 36573],0
2452,Qiu Italian View,7,3,[17385 17856 14973],1
2453,Qiu Italian View,8,3,[11367 10185 11835],1
2454,Qiu Italian View,2,1,[7773],3
2455,Qiu Italian View,9,3,[7773 4635 5321],1
2456,Qiu Italian View,10,4,[46835 16984 47373 16121],0
2457,Qiu Italian View,0,0,[],2
2458,Qiu Italian View,7,3,[20985 29204 19721],1
2459,Qiu Italian View,6,3,[20781 17385 29373],1
2460,Qiu Italian View,2,1,[14973],3
2461,Qiu Italian View,0,0,[],2
2462,Qiu Italian View,10,4,[4235 3456 4635 5321],0
2463,Qiu Italian View,9,3,[13664 15435 43773],1
2464,Qiu Italian View,7,3,[32804 26921 29373],1
2465,Qiu Italian View,0,0,[],2
2466,Qiu Italian View,2,1,[19035],3
2467,Qiu Italian View,2,1,[9784],3
2468,Qiu Italian View,3,1,[10656],3
2469,Qiu Italian View,6,3,[39635 33035 42464],1
2470,Lin Zhen,11,2,[36901 36572],2
2471,Lin Zhen,0,1,[1838],3
2472,Lin Zhen,0,0,[],4
2473,Lin Zhen,6,3,[33835 25911 40501],1
2474,Lin Zhen,2,1,[21486],3
2475,Lin Zhen,0,0,[],2
2476,Lin Zhen,0,0,[],4
2477,Lin Zhen,0,0,[],4
2478,Lin Zhen,10,4,[42686 49434 7676 47701],0
2479,Lin Zhen,5,3,[20634 4311 25086],1
2480,Lin Zhen,0,0,[],2
2481,Lin Zhen,4,3,[711 14286 12636],1
2482,Lin Zhen,0,0,[],4
2483,Lin Zhen,14,4,[46854 47532 44101 40172],0
2484,Lin Zhen,12,4,[46854 44101 35886 36416],0
2485,Lin Zhen,13,4,[33472 28686 40501 36572],0
2486,Lin Zhen,5,3,[12638 21086 25772],1
2487,Lin Zhen,2,1,[9036],3
2488,Lin Zhen,0,0,[],2
2489,Lin Zhen,0,0,[],2
2490,Lin Zhen,9,4,[44101 1838 42686 14972],0
2491,Lin Zhen,12,4,[43616 51301 42686 47372],0
2492,Lin Zhen,8,4,[1838 33301 25086 21086],0
2493,Lin Zhen,11,4,[17886 21086 22172 26101],0
2494,Lin Zhen,12,4,[47372 25616 24686 47701],0
2495,Lin Zhen,7,3,[13886 17886 40172],1
2496,Lin Zhen,0,0,[],4
2497,Lin Zhen,0,0,[],4
2498,Lin Zhen,9,4,[5035 47701 9036 18476],0
2499,Lin Zhen,10,4,[58735 45834 14876 18572],0
2500,Lin Zhen,12,4,[18732 61403 42686 14972],0
2501,Lin Zhen,10,4,[43772 39486 7676 47701],0
2502,Lin Zhen,11,4,[43932 36572 28286 32286],0
2503,Lin Zhen,0,0,[],2
2504,Lin Zhen,12,4,[27834 25086 50972 51301],0
2505,Lin Zhen,11,3,[17886 15835 43772],1
2506,Lin Zhen,10,3,[13434 18054 36901],1
2507,Lin Zhen,11,4,[7086 6686 11372 51301],0
2508,Lin Zhen,9,4,[9036 17886 13886 18572],0
2509,Lin Zhen,10,4,[14286 14972 44101 14876],0
2510,Lin Zhen,7,4,[5438 34236 31886 32972],0
2511,Ruan Yushan,7,4,[40170 34621 36768 34121],0
2512,Ruan Yushan,8,4,[29370 27714 29568 19721],0
2513,Ruan Yushan,1,1,[1721],3
2514,Ruan Yushan,6,4,[31518 33168 27175 23321],0
2515,Ruan Yushan,9,4,[21150 21189 23763 12521],0
2516,Ruan Yushan,8,4,[13314 14700 5575 8897],0
2517,Ruan Yushan,9,3,[13117 21900 13989],1
2518,Ruan Yushan,6,3,[3368 1975 12963],1
2519,Ruan Yushan,6,4,[48497 35118 15168 19975],0
2520,Ruan Yushan,6,4,[16375 38163 44897 11568],0
2521,Ruan Yushan,9,4,[13117 5321 21900 16563],0
2522,Ruan Yushan,8,4,[9517 10389 12963 1721],0
2523,Ruan Yushan,6,2,[5013 8921],2
2524,Ruan Yushan,7,4,[26897 31989 20163 23321],0
2525,Ruan Yushan,1,1,[5321],3
2526,Ruan Yushan,4,3,[5297 2718 1721],1
2527,Ruan Yushan,0,0,[],4
2528,Ruan Yushan,6,3,[31989 29568 8921],1
2529,Ruan Yushan,0,0,[],2
2530,Ruan Yushan,9,4,[3900 2163 8921 4368],0
2531,Ruan Yushan,5,3,[13314 38163 41321],1
2532,Ruan Yushan,0,0,[],2
2533,Ruan Yushan,5,3,[16914 20163 8921],1
2534,Ruan Yushan,9,4,[22170 16914 18768 20163],0
2535,Ruan Yushan,7,3,[8921 31518 5763],1
2536,Ruan Yushan,0,0,[],2
2537,Ruan Yushan,1,0,[],4
2538,Ruan Yushan,10,4,[2221 11100 16599 5321],0
2539,Ruan Yushan,7,4,[39189 34097 38514 30521],0
2540,Ruan Yushan,7,3,[39150 43770 30521],1
2541,Ruan Yushan,8,4,[35550 31518 33168 23321],0
2542,Ruan Yushan,8,4,[29568 28389 30963 23297],0
2543,Ruan Yushan,6,3,[9363 28389 8921],1
2544,Ruan Yushan,10,4,[24789 25500 5763 5321],0
2545,Ruan Yushan,5,3,[9363 12521 20718],1
2546,Ruan Yushan,6,3,[14168 9918 1721],1
2547,Ruan Yushan,8,4,[27363 23917 25770 16121],0
2548,Su Yang Xi,10,3,[37075 42540 46469],1
2549,Su Yang Xi,4,3,[36400 36604 30328],1
2550,Su Yang Xi,0,0,[],2
2551,Su Yang Xi,0,0,[],2
2552,Su Yang Xi,9,3,[30586 19854 24384],1
2553,Su Yang Xi,3,1,[13222],3
2554,Su Yang Xi,0,1,[15928],3
2555,Su Yang Xi,0,0,[],4
2556,Su Yang Xi,0,0,[],2
2557,Su Yang Xi,0,0,[],2
2558,Su Yang Xi,0,1,[12328],3
2559,Su Yang Xi,3,1,[29875],3
2560,Su Yang Xi,6,3,[15654 12328 20784],1
2561,Su Yang Xi,3,1,[20949],3
2562,Su Yang Xi,0,0,[],2
2563,Su Yang Xi,0,0,[],2
2564,Su Yang Xi,0,1,[8728],3
2565,Su Yang Xi,10,3,[42549 16822 46469],1
2566,Su Yang Xi,11,3,[53327 44986 42540],1
2567,Su Yang Xi,0,0,[],2
2568,Su Yang Xi,0,1,[26728],3
2569,Su Yang Xi,0,0,[],2
2570,Su Yang Xi,11,4,[6384 21685 1528 10469],0
2571,Su Yang Xi,13,4,[50069 4000 18085 10140],0
2572,Su Yang Xi,0,0,[],2
2573,Su Yang Xi,6,3,[35184 33475 26728],1
2574,Su Yang Xi,0,0,[],2
2575,Su Yang Xi,0,0,[],2
2576,Su Yang Xi,0,0,[],2
2577,Su Yang Xi,7,3,[11200 15475 9054],1
2578,Su Yang Xi,15,2,[10140 5386],2
2579,Su Yang Xi,0,0,[],2
2580,Su Yang Xi,3,1,[11875],3
2581,Su Yang Xi,0,1,[1528],3
2582,Su Yang Xi,3,0,[],4
2583,Su Yang Xi,0,0,[],4
2584,Su Yang Xi,10,3,[40675 46140 50069],1
2585,Su Yang Xi,3,1,[30202],3
2586,Su Yang Xi,0,0,[],2
2587,Su Yang Xi,3,1,[9984],3
2588,Su Yang Xi,3,0,[],4
2589,Su Yang Xi,11,3,[53669 57100 53184],1
2590,Su Yang Xi,9,3,[48586 45054 46140],1
2591,Su Yang Xi,12,4,[37854 50069 44275 46140],0
2592,Su Yang Xi,10,4,[31584 25403 27622 30654],0
